0	-0.421236
1	-0.420403
2	-0.416354
3	-0.419830
4	-0.419458
5	-0.422450
6	-0.417452
7	-0.420636
8	-0.421362
9	-0.415141
10	-0.418317
11	-0.418439
12	-0.420568
13	-0.418818
14	-0.418133
15	-0.419626
16	-0.416342
17	-0.417070
18	-0.418355
19	-0.415858
20	-0.421594
21	-0.421425
22	-0.419993
23	-0.416069
24	-0.421049
25	-0.421743
26	-0.419024
27	-0.419867
28	-0.423104
29	-0.415859
30	-0.419292
31	-0.421730
32	-0.421573
33	-0.419409
34	-0.420580
35	-0.423603
36	-0.417614
37	-0.417867
38	-0.415125
39	-0.420855
40	-0.419700
41	-0.422011
42	-0.416654
43	-0.418825
44	-0.422443
45	-0.415865
46	-0.418655
47	-0.417830
48	-0.421961
49	-0.419151
50	-0.420854
51	-0.413408
52	-0.418075
53	-0.421297
54	-0.418570
55	-0.418210
56	-0.419936
57	-0.414121
58	-0.420193
59	-0.421219
60	-0.418439
61	-0.420949
62	-0.418713
63	-0.417613
64	-0.416433
65	-0.418458
66	-0.421353
67	-0.421532
68	-0.418342
69	-0.420226
70	-0.418726
71	-0.420927
72	-0.418006
73	-0.417240
74	-0.421020
75	-0.420439
76	-0.419800
77	-0.420045
78	-0.420309
79	-0.419138
80	-0.422075
81	-0.417123
82	-0.418294
83	-0.417244
84	-0.424584
85	-0.415704
86	-0.419120
87	-0.418547
88	-0.421866
89	-0.417643
90	-0.418547
91	-0.421439
92	-0.420752
93	-0.418563
94	-0.420837
95	-0.418361
96	-0.419446
97	-0.420944
98	-0.419817
99	-0.420997
100	-0.419631
101	-0.420168
102	-0.418236
103	-0.421680
104	-0.416948
105	-0.422755
106	-0.420396
107	-0.420134
108	-0.418922
109	-0.421721
110	-0.417322
111	-0.421634
112	-0.420447
113	-0.422156
114	-0.416111
115	-0.421306
116	-0.415284
117	-0.418457
118	-0.418731
119	-0.420497
120	-0.421118
121	-0.420495
122	-0.420585
123	-0.416924
124	-0.419137
125	-0.423662
126	-0.420533
127	-0.420127
128	-0.423331
129	-0.418316
130	-0.415985
131	-0.419265
132	-0.419079
133	-0.420014
134	-0.422228
135	-0.420880
136	-0.416890
137	-0.420576
138	-0.419128
139	-0.421035
140	-0.422239
141	-0.416696
142	-0.419675
143	-0.419618
144	-0.416834
145	-0.418944
146	-0.420224
147	-0.419411
148	-0.417075
149	-0.417992
150	-0.418826
151	-0.415281
152	-0.419750
153	-0.419836
154	-0.421025
155	-0.422332
156	-0.420186
157	-0.417203
158	-0.417049
159	-0.419012
160	-0.420505
161	-0.418654
162	-0.420304
163	-0.419691
164	-0.416895
165	-0.415706
166	-0.419476
167	-0.420427
168	-0.418991
169	-0.417552
170	-0.423340
171	-0.416079
172	-0.421644
173	-0.420144
174	-0.421236
175	-0.420394
176	-0.420518
177	-0.416972
178	-0.417894
179	-0.418864
180	-0.420477
181	-0.419098
182	-0.418351
183	-0.417409
184	-0.418852
185	-0.416556
186	-0.418867
187	-0.418319
188	-0.420635
189	-0.418916
190	-0.417612
191	-0.422202
192	-0.419148
193	-0.418983
194	-0.419501
195	-0.417736
196	-0.419935
197	-0.420556
198	-0.421765
199	-0.418523
200	-0.415429
201	-0.419489
202	-0.417546
203	-0.422478
204	-0.416420
205	-0.420898
206	-0.418924
207	-0.416479
208	-0.420100
209	-0.419146
210	-0.416718
211	-0.415624
212	-0.424921
213	-0.419043
214	-0.419161
215	-0.420791
216	-0.421188
217	-0.418053
218	-0.420458
219	-0.421484
220	-0.420570
221	-0.423653
222	-0.415338
223	-0.422999
224	-0.420825
225	-0.420130
226	-0.417833
227	-0.422192
228	-0.422800
229	-0.420642
230	-0.421871
231	-0.418719
232	-0.417614
233	-0.420665
234	-0.420189
235	-0.420336
236	-0.417827
237	-0.422077
238	-0.415476
239	-0.420569
240	-0.419959
241	-0.423404
242	-0.422618
243	-0.418311
244	-0.419870
245	-0.418879
246	-0.418778
247	-0.417685
248	-0.420256
249	-0.420854
250	-0.422194
251	-0.422893
252	-0.415811
253	-0.419862
254	-0.421734
255	-0.418957
256	-0.418378
257	-0.422296
258	-0.422717
259	-0.417036
260	-0.416592
261	-0.420075
262	-0.420627
263	-0.419324
264	-0.421302
265	-0.416223
266	-0.421243
267	-0.422488
268	-0.418352
269	-0.418868
270	-0.421866
271	-0.420987
272	-0.418819
273	-0.414585
274	-0.420912
275	-0.419728
276	-0.421128
277	-0.420339
278	-0.418379
279	-0.418865
280	-0.420131
281	-0.419390
282	-0.419691
283	-0.417227
284	-0.420833
285	-0.418062
286	-0.421152
287	-0.419907
288	-0.415134
289	-0.419381
290	-0.422659
291	-0.423139
292	-0.416169
293	-0.418987
294	-0.418600
295	-0.421395
296	-0.418371
297	-0.418248
298	-0.418538
299	-0.418477
300	-0.423814
301	-0.419200
302	-0.419707
303	-0.416492
304	-0.424935
305	-0.420995
306	-0.422322
307	-0.417630
308	-0.420677
309	-0.419764
310	-0.421827
311	-0.417821
312	-0.422080
313	-0.423617
314	-0.420228
315	-0.415677
316	-0.420326
317	-0.420998
318	-0.420376
319	-0.420604
320	-0.423095
321	-0.418356
322	-0.418494
323	-0.420618
324	-0.423171
325	-0.418159
326	-0.422975
327	-0.420722
328	-0.420129
329	-0.418923
330	-0.420801
331	-0.421255
332	-0.419243
333	-0.417486
334	-0.418866
335	-0.421300
336	-0.420798
337	-0.421419
338	-0.421431
339	-0.417055
340	-0.421453
341	-0.420299
342	-0.419395
343	-0.422399
344	-0.421543
345	-0.420056
346	-0.418779
347	-0.420601
348	-0.421373
349	-0.419648
350	-0.418066
351	-0.420975
352	-0.418449
353	-0.420662
354	-0.420129
355	-0.419350
356	-0.422280
357	-0.417708
358	-0.419584
359	-0.419187
360	-0.420254
361	-0.421731
362	-0.420712
363	-0.421683
364	-0.423866
365	-0.414935
366	-0.422114
367	-0.419951
368	-0.419500
369	-0.419395
370	-0.423199
371	-0.418922
372	-0.418845
373	-0.421219
374	-0.422448
375	-0.420593
376	-0.417998
377	-0.414305
378	-0.418640
379	-0.421596
380	-0.416380
381	-0.415507
382	-0.415796
383	-0.420882
384	-0.422013
385	-0.421507
386	-0.418781
387	-0.419513
388	-0.421557
389	-0.422866
390	-0.415932
391	-0.421956
392	-0.421271
393	-0.423663
394	-0.418393
395	-0.416842
396	-0.421170
397	-0.420219
398	-0.421226
399	-0.416855
