1 1 6 -0.01524 19.163 -5.211 0.0
2 1 5 -0.03594 18.479 -6.158 -0.637
3 1 5 -0.03594 18.527 -4.23 0.637
4 1 5 0.02734 17.15 -6.125 -0.638
5 1 5 0.02734 17.199 -4.196 0.638
6 1 42 -0.26470 16.517 -5.144 0.0
7 1 6 -0.01524 20.578 -5.247 0.001
8 1 5 -0.03594 21.263 -4.286 -0.617
9 1 5 -0.03594 21.212 -6.24 0.62
10 1 5 0.02734 22.591 -4.32 -0.615
11 1 5 0.02734 22.54 -6.274 0.622
12 1 42 -0.26470 23.222 -5.313 0.004
13 1 24 0.06456 18.994 -6.942 -1.147
14 1 24 0.06456 19.081 -3.473 1.147
15 1 22 0.08401 16.595 -6.881 -1.147
16 1 22 0.08401 16.682 -3.413 1.147
17 1 24 0.06456 20.748 -3.493 -1.111
18 1 24 0.06456 20.657 -7.007 1.113
19 1 22 0.08401 23.147 -3.554 -1.109
20 1 22 0.08401 23.056 -7.067 1.116
21 2 6 -0.01524 19.163 -5.211 0.0
22 2 5 -0.03594 18.479 -6.158 -0.637
23 2 5 -0.03594 18.527 -4.23 0.637
24 2 5 0.02734 17.15 -6.125 -0.638
25 2 5 0.02734 17.199 -4.196 0.638
26 2 42 -0.26470 16.517 -5.144 0.0
27 2 6 -0.01524 20.578 -5.247 0.001
28 2 5 -0.03594 21.263 -4.286 -0.617
29 2 5 -0.03594 21.212 -6.24 0.62
30 2 5 0.02734 22.591 -4.32 -0.615
31 2 5 0.02734 22.54 -6.274 0.622
32 2 42 -0.26470 23.222 -5.313 0.004
33 2 24 0.06456 18.994 -6.942 -1.147
34 2 24 0.06456 19.081 -3.473 1.147
35 2 22 0.08401 16.595 -6.881 -1.147
36 2 22 0.08401 16.682 -3.413 1.147
37 2 24 0.06456 20.748 -3.493 -1.111
38 2 24 0.06456 20.657 -7.007 1.113
39 2 22 0.08401 23.147 -3.554 -1.109
40 2 22 0.08401 23.056 -7.067 1.116
41 3 6 -0.01524 19.163 -5.211 0.0
42 3 5 -0.03594 18.479 -6.158 -0.637
43 3 5 -0.03594 18.527 -4.23 0.637
44 3 5 0.02734 17.15 -6.125 -0.638
45 3 5 0.02734 17.199 -4.196 0.638
46 3 42 -0.26470 16.517 -5.144 0.0
47 3 6 -0.01524 20.578 -5.247 0.001
48 3 5 -0.03594 21.263 -4.286 -0.617
49 3 5 -0.03594 21.212 -6.24 0.62
50 3 5 0.02734 22.591 -4.32 -0.615
51 3 5 0.02734 22.54 -6.274 0.622
52 3 42 -0.26470 23.222 -5.313 0.004
53 3 24 0.06456 18.994 -6.942 -1.147
54 3 24 0.06456 19.081 -3.473 1.147
55 3 22 0.08401 16.595 -6.881 -1.147
56 3 22 0.08401 16.682 -3.413 1.147
57 3 24 0.06456 20.748 -3.493 -1.111
58 3 24 0.06456 20.657 -7.007 1.113
59 3 22 0.08401 23.147 -3.554 -1.109
60 3 22 0.08401 23.056 -7.067 1.116
61 4 6 -0.01524 19.163 -5.211 0.0
62 4 5 -0.03594 18.479 -6.158 -0.637
63 4 5 -0.03594 18.527 -4.23 0.637
64 4 5 0.02734 17.15 -6.125 -0.638
65 4 5 0.02734 17.199 -4.196 0.638
66 4 42 -0.26470 16.517 -5.144 0.0
67 4 6 -0.01524 20.578 -5.247 0.001
68 4 5 -0.03594 21.263 -4.286 -0.617
69 4 5 -0.03594 21.212 -6.24 0.62
70 4 5 0.02734 22.591 -4.32 -0.615
71 4 5 0.02734 22.54 -6.274 0.622
72 4 42 -0.26470 23.222 -5.313 0.004
73 4 24 0.06456 18.994 -6.942 -1.147
74 4 24 0.06456 19.081 -3.473 1.147
75 4 22 0.08401 16.595 -6.881 -1.147
76 4 22 0.08401 16.682 -3.413 1.147
77 4 24 0.06456 20.748 -3.493 -1.111
78 4 24 0.06456 20.657 -7.007 1.113
79 4 22 0.08401 23.147 -3.554 -1.109
80 4 22 0.08401 23.056 -7.067 1.116
81 5 6 -0.01524 19.163 -5.211 0.0
82 5 5 -0.03594 18.479 -6.158 -0.637
83 5 5 -0.03594 18.527 -4.23 0.637
84 5 5 0.02734 17.15 -6.125 -0.638
85 5 5 0.02734 17.199 -4.196 0.638
86 5 42 -0.26470 16.517 -5.144 0.0
87 5 6 -0.01524 20.578 -5.247 0.001
88 5 5 -0.03594 21.263 -4.286 -0.617
89 5 5 -0.03594 21.212 -6.24 0.62
90 5 5 0.02734 22.591 -4.32 -0.615
91 5 5 0.02734 22.54 -6.274 0.622
92 5 42 -0.26470 23.222 -5.313 0.004
93 5 24 0.06456 18.994 -6.942 -1.147
94 5 24 0.06456 19.081 -3.473 1.147
95 5 22 0.08401 16.595 -6.881 -1.147
96 5 22 0.08401 16.682 -3.413 1.147
97 5 24 0.06456 20.748 -3.493 -1.111
98 5 24 0.06456 20.657 -7.007 1.113
99 5 22 0.08401 23.147 -3.554 -1.109
100 5 22 0.08401 23.056 -7.067 1.116
101 6 6 -0.01524 19.163 -5.211 0.0
102 6 5 -0.03594 18.479 -6.158 -0.637
103 6 5 -0.03594 18.527 -4.23 0.637
104 6 5 0.02734 17.15 -6.125 -0.638
105 6 5 0.02734 17.199 -4.196 0.638
106 6 42 -0.26470 16.517 -5.144 0.0
107 6 6 -0.01524 20.578 -5.247 0.001
108 6 5 -0.03594 21.263 -4.286 -0.617
109 6 5 -0.03594 21.212 -6.24 0.62
110 6 5 0.02734 22.591 -4.32 -0.615
111 6 5 0.02734 22.54 -6.274 0.622
112 6 42 -0.26470 23.222 -5.313 0.004
113 6 24 0.06456 18.994 -6.942 -1.147
114 6 24 0.06456 19.081 -3.473 1.147
115 6 22 0.08401 16.595 -6.881 -1.147
116 6 22 0.08401 16.682 -3.413 1.147
117 6 24 0.06456 20.748 -3.493 -1.111
118 6 24 0.06456 20.657 -7.007 1.113
119 6 22 0.08401 23.147 -3.554 -1.109
120 6 22 0.08401 23.056 -7.067 1.116
121 7 6 -0.01524 19.163 -5.211 0.0
122 7 5 -0.03594 18.479 -6.158 -0.637
123 7 5 -0.03594 18.527 -4.23 0.637
124 7 5 0.02734 17.15 -6.125 -0.638
125 7 5 0.02734 17.199 -4.196 0.638
126 7 42 -0.26470 16.517 -5.144 0.0
127 7 6 -0.01524 20.578 -5.247 0.001
128 7 5 -0.03594 21.263 -4.286 -0.617
129 7 5 -0.03594 21.212 -6.24 0.62
130 7 5 0.02734 22.591 -4.32 -0.615
131 7 5 0.02734 22.54 -6.274 0.622
132 7 42 -0.26470 23.222 -5.313 0.004
133 7 24 0.06456 18.994 -6.942 -1.147
134 7 24 0.06456 19.081 -3.473 1.147
135 7 22 0.08401 16.595 -6.881 -1.147
136 7 22 0.08401 16.682 -3.413 1.147
137 7 24 0.06456 20.748 -3.493 -1.111
138 7 24 0.06456 20.657 -7.007 1.113
139 7 22 0.08401 23.147 -3.554 -1.109
140 7 22 0.08401 23.056 -7.067 1.116
141 8 6 -0.01524 19.163 -5.211 0.0
142 8 5 -0.03594 18.479 -6.158 -0.637
143 8 5 -0.03594 18.527 -4.23 0.637
144 8 5 0.02734 17.15 -6.125 -0.638
145 8 5 0.02734 17.199 -4.196 0.638
146 8 42 -0.26470 16.517 -5.144 0.0
147 8 6 -0.01524 20.578 -5.247 0.001
148 8 5 -0.03594 21.263 -4.286 -0.617
149 8 5 -0.03594 21.212 -6.24 0.62
150 8 5 0.02734 22.591 -4.32 -0.615
151 8 5 0.02734 22.54 -6.274 0.622
152 8 42 -0.26470 23.222 -5.313 0.004
153 8 24 0.06456 18.994 -6.942 -1.147
154 8 24 0.06456 19.081 -3.473 1.147
155 8 22 0.08401 16.595 -6.881 -1.147
156 8 22 0.08401 16.682 -3.413 1.147
157 8 24 0.06456 20.748 -3.493 -1.111
158 8 24 0.06456 20.657 -7.007 1.113
159 8 22 0.08401 23.147 -3.554 -1.109
160 8 22 0.08401 23.056 -7.067 1.116
161 9 6 -0.01524 19.163 -5.211 0.0
162 9 5 -0.03594 18.479 -6.158 -0.637
163 9 5 -0.03594 18.527 -4.23 0.637
164 9 5 0.02734 17.15 -6.125 -0.638
165 9 5 0.02734 17.199 -4.196 0.638
166 9 42 -0.26470 16.517 -5.144 0.0
167 9 6 -0.01524 20.578 -5.247 0.001
168 9 5 -0.03594 21.263 -4.286 -0.617
169 9 5 -0.03594 21.212 -6.24 0.62
170 9 5 0.02734 22.591 -4.32 -0.615
171 9 5 0.02734 22.54 -6.274 0.622
172 9 42 -0.26470 23.222 -5.313 0.004
173 9 24 0.06456 18.994 -6.942 -1.147
174 9 24 0.06456 19.081 -3.473 1.147
175 9 22 0.08401 16.595 -6.881 -1.147
176 9 22 0.08401 16.682 -3.413 1.147
177 9 24 0.06456 20.748 -3.493 -1.111
178 9 24 0.06456 20.657 -7.007 1.113
179 9 22 0.08401 23.147 -3.554 -1.109
180 9 22 0.08401 23.056 -7.067 1.116
181 10 6 -0.01524 19.163 -5.211 0.0
182 10 5 -0.03594 18.479 -6.158 -0.637
183 10 5 -0.03594 18.527 -4.23 0.637
184 10 5 0.02734 17.15 -6.125 -0.638
185 10 5 0.02734 17.199 -4.196 0.638
186 10 42 -0.26470 16.517 -5.144 0.0
187 10 6 -0.01524 20.578 -5.247 0.001
188 10 5 -0.03594 21.263 -4.286 -0.617
189 10 5 -0.03594 21.212 -6.24 0.62
190 10 5 0.02734 22.591 -4.32 -0.615
191 10 5 0.02734 22.54 -6.274 0.622
192 10 42 -0.26470 23.222 -5.313 0.004
193 10 24 0.06456 18.994 -6.942 -1.147
194 10 24 0.06456 19.081 -3.473 1.147
195 10 22 0.08401 16.595 -6.881 -1.147
196 10 22 0.08401 16.682 -3.413 1.147
197 10 24 0.06456 20.748 -3.493 -1.111
198 10 24 0.06456 20.657 -7.007 1.113
199 10 22 0.08401 23.147 -3.554 -1.109
200 10 22 0.08401 23.056 -7.067 1.116
201 11 6 -0.01524 19.163 -5.211 0.0
202 11 5 -0.03594 18.479 -6.158 -0.637
203 11 5 -0.03594 18.527 -4.23 0.637
204 11 5 0.02734 17.15 -6.125 -0.638
205 11 5 0.02734 17.199 -4.196 0.638
206 11 42 -0.26470 16.517 -5.144 0.0
207 11 6 -0.01524 20.578 -5.247 0.001
208 11 5 -0.03594 21.263 -4.286 -0.617
209 11 5 -0.03594 21.212 -6.24 0.62
210 11 5 0.02734 22.591 -4.32 -0.615
211 11 5 0.02734 22.54 -6.274 0.622
212 11 42 -0.26470 23.222 -5.313 0.004
213 11 24 0.06456 18.994 -6.942 -1.147
214 11 24 0.06456 19.081 -3.473 1.147
215 11 22 0.08401 16.595 -6.881 -1.147
216 11 22 0.08401 16.682 -3.413 1.147
217 11 24 0.06456 20.748 -3.493 -1.111
218 11 24 0.06456 20.657 -7.007 1.113
219 11 22 0.08401 23.147 -3.554 -1.109
220 11 22 0.08401 23.056 -7.067 1.116
221 12 6 -0.01524 19.163 -5.211 0.0
222 12 5 -0.03594 18.479 -6.158 -0.637
223 12 5 -0.03594 18.527 -4.23 0.637
224 12 5 0.02734 17.15 -6.125 -0.638
225 12 5 0.02734 17.199 -4.196 0.638
226 12 42 -0.26470 16.517 -5.144 0.0
227 12 6 -0.01524 20.578 -5.247 0.001
228 12 5 -0.03594 21.263 -4.286 -0.617
229 12 5 -0.03594 21.212 -6.24 0.62
230 12 5 0.02734 22.591 -4.32 -0.615
231 12 5 0.02734 22.54 -6.274 0.622
232 12 42 -0.26470 23.222 -5.313 0.004
233 12 24 0.06456 18.994 -6.942 -1.147
234 12 24 0.06456 19.081 -3.473 1.147
235 12 22 0.08401 16.595 -6.881 -1.147
236 12 22 0.08401 16.682 -3.413 1.147
237 12 24 0.06456 20.748 -3.493 -1.111
238 12 24 0.06456 20.657 -7.007 1.113
239 12 22 0.08401 23.147 -3.554 -1.109
240 12 22 0.08401 23.056 -7.067 1.116
241 13 6 -0.01524 19.163 -5.211 0.0
242 13 5 -0.03594 18.479 -6.158 -0.637
243 13 5 -0.03594 18.527 -4.23 0.637
244 13 5 0.02734 17.15 -6.125 -0.638
245 13 5 0.02734 17.199 -4.196 0.638
246 13 42 -0.26470 16.517 -5.144 0.0
247 13 6 -0.01524 20.578 -5.247 0.001
248 13 5 -0.03594 21.263 -4.286 -0.617
249 13 5 -0.03594 21.212 -6.24 0.62
250 13 5 0.02734 22.591 -4.32 -0.615
251 13 5 0.02734 22.54 -6.274 0.622
252 13 42 -0.26470 23.222 -5.313 0.004
253 13 24 0.06456 18.994 -6.942 -1.147
254 13 24 0.06456 19.081 -3.473 1.147
255 13 22 0.08401 16.595 -6.881 -1.147
256 13 22 0.08401 16.682 -3.413 1.147
257 13 24 0.06456 20.748 -3.493 -1.111
258 13 24 0.06456 20.657 -7.007 1.113
259 13 22 0.08401 23.147 -3.554 -1.109
260 13 22 0.08401 23.056 -7.067 1.116
261 14 6 -0.01524 19.163 -5.211 0.0
262 14 5 -0.03594 18.479 -6.158 -0.637
263 14 5 -0.03594 18.527 -4.23 0.637
264 14 5 0.02734 17.15 -6.125 -0.638
265 14 5 0.02734 17.199 -4.196 0.638
266 14 42 -0.26470 16.517 -5.144 0.0
267 14 6 -0.01524 20.578 -5.247 0.001
268 14 5 -0.03594 21.263 -4.286 -0.617
269 14 5 -0.03594 21.212 -6.24 0.62
270 14 5 0.02734 22.591 -4.32 -0.615
271 14 5 0.02734 22.54 -6.274 0.622
272 14 42 -0.26470 23.222 -5.313 0.004
273 14 24 0.06456 18.994 -6.942 -1.147
274 14 24 0.06456 19.081 -3.473 1.147
275 14 22 0.08401 16.595 -6.881 -1.147
276 14 22 0.08401 16.682 -3.413 1.147
277 14 24 0.06456 20.748 -3.493 -1.111
278 14 24 0.06456 20.657 -7.007 1.113
279 14 22 0.08401 23.147 -3.554 -1.109
280 14 22 0.08401 23.056 -7.067 1.116
281 15 6 -0.01524 19.163 -5.211 0.0
282 15 5 -0.03594 18.479 -6.158 -0.637
283 15 5 -0.03594 18.527 -4.23 0.637
284 15 5 0.02734 17.15 -6.125 -0.638
285 15 5 0.02734 17.199 -4.196 0.638
286 15 42 -0.26470 16.517 -5.144 0.0
287 15 6 -0.01524 20.578 -5.247 0.001
288 15 5 -0.03594 21.263 -4.286 -0.617
289 15 5 -0.03594 21.212 -6.24 0.62
290 15 5 0.02734 22.591 -4.32 -0.615
291 15 5 0.02734 22.54 -6.274 0.622
292 15 42 -0.26470 23.222 -5.313 0.004
293 15 24 0.06456 18.994 -6.942 -1.147
294 15 24 0.06456 19.081 -3.473 1.147
295 15 22 0.08401 16.595 -6.881 -1.147
296 15 22 0.08401 16.682 -3.413 1.147
297 15 24 0.06456 20.748 -3.493 -1.111
298 15 24 0.06456 20.657 -7.007 1.113
299 15 22 0.08401 23.147 -3.554 -1.109
300 15 22 0.08401 23.056 -7.067 1.116
301 16 6 -0.01524 19.163 -5.211 0.0
302 16 5 -0.03594 18.479 -6.158 -0.637
303 16 5 -0.03594 18.527 -4.23 0.637
304 16 5 0.02734 17.15 -6.125 -0.638
305 16 5 0.02734 17.199 -4.196 0.638
306 16 42 -0.26470 16.517 -5.144 0.0
307 16 6 -0.01524 20.578 -5.247 0.001
308 16 5 -0.03594 21.263 -4.286 -0.617
309 16 5 -0.03594 21.212 -6.24 0.62
310 16 5 0.02734 22.591 -4.32 -0.615
311 16 5 0.02734 22.54 -6.274 0.622
312 16 42 -0.26470 23.222 -5.313 0.004
313 16 24 0.06456 18.994 -6.942 -1.147
314 16 24 0.06456 19.081 -3.473 1.147
315 16 22 0.08401 16.595 -6.881 -1.147
316 16 22 0.08401 16.682 -3.413 1.147
317 16 24 0.06456 20.748 -3.493 -1.111
318 16 24 0.06456 20.657 -7.007 1.113
319 16 22 0.08401 23.147 -3.554 -1.109
320 16 22 0.08401 23.056 -7.067 1.116
321 17 6 -0.01524 19.163 -5.211 0.0
322 17 5 -0.03594 18.479 -6.158 -0.637
323 17 5 -0.03594 18.527 -4.23 0.637
324 17 5 0.02734 17.15 -6.125 -0.638
325 17 5 0.02734 17.199 -4.196 0.638
326 17 42 -0.26470 16.517 -5.144 0.0
327 17 6 -0.01524 20.578 -5.247 0.001
328 17 5 -0.03594 21.263 -4.286 -0.617
329 17 5 -0.03594 21.212 -6.24 0.62
330 17 5 0.02734 22.591 -4.32 -0.615
331 17 5 0.02734 22.54 -6.274 0.622
332 17 42 -0.26470 23.222 -5.313 0.004
333 17 24 0.06456 18.994 -6.942 -1.147
334 17 24 0.06456 19.081 -3.473 1.147
335 17 22 0.08401 16.595 -6.881 -1.147
336 17 22 0.08401 16.682 -3.413 1.147
337 17 24 0.06456 20.748 -3.493 -1.111
338 17 24 0.06456 20.657 -7.007 1.113
339 17 22 0.08401 23.147 -3.554 -1.109
340 17 22 0.08401 23.056 -7.067 1.116
341 18 6 -0.01524 19.163 -5.211 0.0
342 18 5 -0.03594 18.479 -6.158 -0.637
343 18 5 -0.03594 18.527 -4.23 0.637
344 18 5 0.02734 17.15 -6.125 -0.638
345 18 5 0.02734 17.199 -4.196 0.638
346 18 42 -0.26470 16.517 -5.144 0.0
347 18 6 -0.01524 20.578 -5.247 0.001
348 18 5 -0.03594 21.263 -4.286 -0.617
349 18 5 -0.03594 21.212 -6.24 0.62
350 18 5 0.02734 22.591 -4.32 -0.615
351 18 5 0.02734 22.54 -6.274 0.622
352 18 42 -0.26470 23.222 -5.313 0.004
353 18 24 0.06456 18.994 -6.942 -1.147
354 18 24 0.06456 19.081 -3.473 1.147
355 18 22 0.08401 16.595 -6.881 -1.147
356 18 22 0.08401 16.682 -3.413 1.147
357 18 24 0.06456 20.748 -3.493 -1.111
358 18 24 0.06456 20.657 -7.007 1.113
359 18 22 0.08401 23.147 -3.554 -1.109
360 18 22 0.08401 23.056 -7.067 1.116
361 19 6 -0.01524 19.163 -5.211 0.0
362 19 5 -0.03594 18.479 -6.158 -0.637
363 19 5 -0.03594 18.527 -4.23 0.637
364 19 5 0.02734 17.15 -6.125 -0.638
365 19 5 0.02734 17.199 -4.196 0.638
366 19 42 -0.26470 16.517 -5.144 0.0
367 19 6 -0.01524 20.578 -5.247 0.001
368 19 5 -0.03594 21.263 -4.286 -0.617
369 19 5 -0.03594 21.212 -6.24 0.62
370 19 5 0.02734 22.591 -4.32 -0.615
371 19 5 0.02734 22.54 -6.274 0.622
372 19 42 -0.26470 23.222 -5.313 0.004
373 19 24 0.06456 18.994 -6.942 -1.147
374 19 24 0.06456 19.081 -3.473 1.147
375 19 22 0.08401 16.595 -6.881 -1.147
376 19 22 0.08401 16.682 -3.413 1.147
377 19 24 0.06456 20.748 -3.493 -1.111
378 19 24 0.06456 20.657 -7.007 1.113
379 19 22 0.08401 23.147 -3.554 -1.109
380 19 22 0.08401 23.056 -7.067 1.116
381 20 6 -0.01524 19.163 -5.211 0.0
382 20 5 -0.03594 18.479 -6.158 -0.637
383 20 5 -0.03594 18.527 -4.23 0.637
384 20 5 0.02734 17.15 -6.125 -0.638
385 20 5 0.02734 17.199 -4.196 0.638
386 20 42 -0.26470 16.517 -5.144 0.0
387 20 6 -0.01524 20.578 -5.247 0.001
388 20 5 -0.03594 21.263 -4.286 -0.617
389 20 5 -0.03594 21.212 -6.24 0.62
390 20 5 0.02734 22.591 -4.32 -0.615
391 20 5 0.02734 22.54 -6.274 0.622
392 20 42 -0.26470 23.222 -5.313 0.004
393 20 24 0.06456 18.994 -6.942 -1.147
394 20 24 0.06456 19.081 -3.473 1.147
395 20 22 0.08401 16.595 -6.881 -1.147
396 20 22 0.08401 16.682 -3.413 1.147
397 20 24 0.06456 20.748 -3.493 -1.111
398 20 24 0.06456 20.657 -7.007 1.113
399 20 22 0.08401 23.147 -3.554 -1.109
400 20 22 0.08401 23.056 -7.067 1.116
401 21 6 -0.01524 19.163 -5.211 0.0
402 21 5 -0.03594 18.479 -6.158 -0.637
403 21 5 -0.03594 18.527 -4.23 0.637
404 21 5 0.02734 17.15 -6.125 -0.638
405 21 5 0.02734 17.199 -4.196 0.638
406 21 42 -0.26470 16.517 -5.144 0.0
407 21 6 -0.01524 20.578 -5.247 0.001
408 21 5 -0.03594 21.263 -4.286 -0.617
409 21 5 -0.03594 21.212 -6.24 0.62
410 21 5 0.02734 22.591 -4.32 -0.615
411 21 5 0.02734 22.54 -6.274 0.622
412 21 42 -0.26470 23.222 -5.313 0.004
413 21 24 0.06456 18.994 -6.942 -1.147
414 21 24 0.06456 19.081 -3.473 1.147
415 21 22 0.08401 16.595 -6.881 -1.147
416 21 22 0.08401 16.682 -3.413 1.147
417 21 24 0.06456 20.748 -3.493 -1.111
418 21 24 0.06456 20.657 -7.007 1.113
419 21 22 0.08401 23.147 -3.554 -1.109
420 21 22 0.08401 23.056 -7.067 1.116
421 22 6 -0.01524 19.163 -5.211 0.0
422 22 5 -0.03594 18.479 -6.158 -0.637
423 22 5 -0.03594 18.527 -4.23 0.637
424 22 5 0.02734 17.15 -6.125 -0.638
425 22 5 0.02734 17.199 -4.196 0.638
426 22 42 -0.26470 16.517 -5.144 0.0
427 22 6 -0.01524 20.578 -5.247 0.001
428 22 5 -0.03594 21.263 -4.286 -0.617
429 22 5 -0.03594 21.212 -6.24 0.62
430 22 5 0.02734 22.591 -4.32 -0.615
431 22 5 0.02734 22.54 -6.274 0.622
432 22 42 -0.26470 23.222 -5.313 0.004
433 22 24 0.06456 18.994 -6.942 -1.147
434 22 24 0.06456 19.081 -3.473 1.147
435 22 22 0.08401 16.595 -6.881 -1.147
436 22 22 0.08401 16.682 -3.413 1.147
437 22 24 0.06456 20.748 -3.493 -1.111
438 22 24 0.06456 20.657 -7.007 1.113
439 22 22 0.08401 23.147 -3.554 -1.109
440 22 22 0.08401 23.056 -7.067 1.116
441 23 6 -0.01524 19.163 -5.211 0.0
442 23 5 -0.03594 18.479 -6.158 -0.637
443 23 5 -0.03594 18.527 -4.23 0.637
444 23 5 0.02734 17.15 -6.125 -0.638
445 23 5 0.02734 17.199 -4.196 0.638
446 23 42 -0.26470 16.517 -5.144 0.0
447 23 6 -0.01524 20.578 -5.247 0.001
448 23 5 -0.03594 21.263 -4.286 -0.617
449 23 5 -0.03594 21.212 -6.24 0.62
450 23 5 0.02734 22.591 -4.32 -0.615
451 23 5 0.02734 22.54 -6.274 0.622
452 23 42 -0.26470 23.222 -5.313 0.004
453 23 24 0.06456 18.994 -6.942 -1.147
454 23 24 0.06456 19.081 -3.473 1.147
455 23 22 0.08401 16.595 -6.881 -1.147
456 23 22 0.08401 16.682 -3.413 1.147
457 23 24 0.06456 20.748 -3.493 -1.111
458 23 24 0.06456 20.657 -7.007 1.113
459 23 22 0.08401 23.147 -3.554 -1.109
460 23 22 0.08401 23.056 -7.067 1.116
461 24 6 -0.01524 19.163 -5.211 0.0
462 24 5 -0.03594 18.479 -6.158 -0.637
463 24 5 -0.03594 18.527 -4.23 0.637
464 24 5 0.02734 17.15 -6.125 -0.638
465 24 5 0.02734 17.199 -4.196 0.638
466 24 42 -0.26470 16.517 -5.144 0.0
467 24 6 -0.01524 20.578 -5.247 0.001
468 24 5 -0.03594 21.263 -4.286 -0.617
469 24 5 -0.03594 21.212 -6.24 0.62
470 24 5 0.02734 22.591 -4.32 -0.615
471 24 5 0.02734 22.54 -6.274 0.622
472 24 42 -0.26470 23.222 -5.313 0.004
473 24 24 0.06456 18.994 -6.942 -1.147
474 24 24 0.06456 19.081 -3.473 1.147
475 24 22 0.08401 16.595 -6.881 -1.147
476 24 22 0.08401 16.682 -3.413 1.147
477 24 24 0.06456 20.748 -3.493 -1.111
478 24 24 0.06456 20.657 -7.007 1.113
479 24 22 0.08401 23.147 -3.554 -1.109
480 24 22 0.08401 23.056 -7.067 1.116
481 25 6 -0.01524 19.163 -5.211 0.0
482 25 5 -0.03594 18.479 -6.158 -0.637
483 25 5 -0.03594 18.527 -4.23 0.637
484 25 5 0.02734 17.15 -6.125 -0.638
485 25 5 0.02734 17.199 -4.196 0.638
486 25 42 -0.26470 16.517 -5.144 0.0
487 25 6 -0.01524 20.578 -5.247 0.001
488 25 5 -0.03594 21.263 -4.286 -0.617
489 25 5 -0.03594 21.212 -6.24 0.62
490 25 5 0.02734 22.591 -4.32 -0.615
491 25 5 0.02734 22.54 -6.274 0.622
492 25 42 -0.26470 23.222 -5.313 0.004
493 25 24 0.06456 18.994 -6.942 -1.147
494 25 24 0.06456 19.081 -3.473 1.147
495 25 22 0.08401 16.595 -6.881 -1.147
496 25 22 0.08401 16.682 -3.413 1.147
497 25 24 0.06456 20.748 -3.493 -1.111
498 25 24 0.06456 20.657 -7.007 1.113
499 25 22 0.08401 23.147 -3.554 -1.109
500 25 22 0.08401 23.056 -7.067 1.116
501 26 6 -0.01524 19.163 -5.211 0.0
502 26 5 -0.03594 18.479 -6.158 -0.637
503 26 5 -0.03594 18.527 -4.23 0.637
504 26 5 0.02734 17.15 -6.125 -0.638
505 26 5 0.02734 17.199 -4.196 0.638
506 26 42 -0.26470 16.517 -5.144 0.0
507 26 6 -0.01524 20.578 -5.247 0.001
508 26 5 -0.03594 21.263 -4.286 -0.617
509 26 5 -0.03594 21.212 -6.24 0.62
510 26 5 0.02734 22.591 -4.32 -0.615
511 26 5 0.02734 22.54 -6.274 0.622
512 26 42 -0.26470 23.222 -5.313 0.004
513 26 24 0.06456 18.994 -6.942 -1.147
514 26 24 0.06456 19.081 -3.473 1.147
515 26 22 0.08401 16.595 -6.881 -1.147
516 26 22 0.08401 16.682 -3.413 1.147
517 26 24 0.06456 20.748 -3.493 -1.111
518 26 24 0.06456 20.657 -7.007 1.113
519 26 22 0.08401 23.147 -3.554 -1.109
520 26 22 0.08401 23.056 -7.067 1.116
521 27 6 -0.01524 19.163 -5.211 0.0
522 27 5 -0.03594 18.479 -6.158 -0.637
523 27 5 -0.03594 18.527 -4.23 0.637
524 27 5 0.02734 17.15 -6.125 -0.638
525 27 5 0.02734 17.199 -4.196 0.638
526 27 42 -0.26470 16.517 -5.144 0.0
527 27 6 -0.01524 20.578 -5.247 0.001
528 27 5 -0.03594 21.263 -4.286 -0.617
529 27 5 -0.03594 21.212 -6.24 0.62
530 27 5 0.02734 22.591 -4.32 -0.615
531 27 5 0.02734 22.54 -6.274 0.622
532 27 42 -0.26470 23.222 -5.313 0.004
533 27 24 0.06456 18.994 -6.942 -1.147
534 27 24 0.06456 19.081 -3.473 1.147
535 27 22 0.08401 16.595 -6.881 -1.147
536 27 22 0.08401 16.682 -3.413 1.147
537 27 24 0.06456 20.748 -3.493 -1.111
538 27 24 0.06456 20.657 -7.007 1.113
539 27 22 0.08401 23.147 -3.554 -1.109
540 27 22 0.08401 23.056 -7.067 1.116
541 28 6 -0.01524 19.163 -5.211 0.0
542 28 5 -0.03594 18.479 -6.158 -0.637
543 28 5 -0.03594 18.527 -4.23 0.637
544 28 5 0.02734 17.15 -6.125 -0.638
545 28 5 0.02734 17.199 -4.196 0.638
546 28 42 -0.26470 16.517 -5.144 0.0
547 28 6 -0.01524 20.578 -5.247 0.001
548 28 5 -0.03594 21.263 -4.286 -0.617
549 28 5 -0.03594 21.212 -6.24 0.62
550 28 5 0.02734 22.591 -4.32 -0.615
551 28 5 0.02734 22.54 -6.274 0.622
552 28 42 -0.26470 23.222 -5.313 0.004
553 28 24 0.06456 18.994 -6.942 -1.147
554 28 24 0.06456 19.081 -3.473 1.147
555 28 22 0.08401 16.595 -6.881 -1.147
556 28 22 0.08401 16.682 -3.413 1.147
557 28 24 0.06456 20.748 -3.493 -1.111
558 28 24 0.06456 20.657 -7.007 1.113
559 28 22 0.08401 23.147 -3.554 -1.109
560 28 22 0.08401 23.056 -7.067 1.116
561 29 6 -0.01524 19.163 -5.211 0.0
562 29 5 -0.03594 18.479 -6.158 -0.637
563 29 5 -0.03594 18.527 -4.23 0.637
564 29 5 0.02734 17.15 -6.125 -0.638
565 29 5 0.02734 17.199 -4.196 0.638
566 29 42 -0.26470 16.517 -5.144 0.0
567 29 6 -0.01524 20.578 -5.247 0.001
568 29 5 -0.03594 21.263 -4.286 -0.617
569 29 5 -0.03594 21.212 -6.24 0.62
570 29 5 0.02734 22.591 -4.32 -0.615
571 29 5 0.02734 22.54 -6.274 0.622
572 29 42 -0.26470 23.222 -5.313 0.004
573 29 24 0.06456 18.994 -6.942 -1.147
574 29 24 0.06456 19.081 -3.473 1.147
575 29 22 0.08401 16.595 -6.881 -1.147
576 29 22 0.08401 16.682 -3.413 1.147
577 29 24 0.06456 20.748 -3.493 -1.111
578 29 24 0.06456 20.657 -7.007 1.113
579 29 22 0.08401 23.147 -3.554 -1.109
580 29 22 0.08401 23.056 -7.067 1.116
581 30 6 -0.01524 19.163 -5.211 0.0
582 30 5 -0.03594 18.479 -6.158 -0.637
583 30 5 -0.03594 18.527 -4.23 0.637
584 30 5 0.02734 17.15 -6.125 -0.638
585 30 5 0.02734 17.199 -4.196 0.638
586 30 42 -0.26470 16.517 -5.144 0.0
587 30 6 -0.01524 20.578 -5.247 0.001
588 30 5 -0.03594 21.263 -4.286 -0.617
589 30 5 -0.03594 21.212 -6.24 0.62
590 30 5 0.02734 22.591 -4.32 -0.615
591 30 5 0.02734 22.54 -6.274 0.622
592 30 42 -0.26470 23.222 -5.313 0.004
593 30 24 0.06456 18.994 -6.942 -1.147
594 30 24 0.06456 19.081 -3.473 1.147
595 30 22 0.08401 16.595 -6.881 -1.147
596 30 22 0.08401 16.682 -3.413 1.147
597 30 24 0.06456 20.748 -3.493 -1.111
598 30 24 0.06456 20.657 -7.007 1.113
599 30 22 0.08401 23.147 -3.554 -1.109
600 30 22 0.08401 23.056 -7.067 1.116
601 31 6 -0.01524 19.163 -5.211 0.0
602 31 5 -0.03594 18.479 -6.158 -0.637
603 31 5 -0.03594 18.527 -4.23 0.637
604 31 5 0.02734 17.15 -6.125 -0.638
605 31 5 0.02734 17.199 -4.196 0.638
606 31 42 -0.26470 16.517 -5.144 0.0
607 31 6 -0.01524 20.578 -5.247 0.001
608 31 5 -0.03594 21.263 -4.286 -0.617
609 31 5 -0.03594 21.212 -6.24 0.62
610 31 5 0.02734 22.591 -4.32 -0.615
611 31 5 0.02734 22.54 -6.274 0.622
612 31 42 -0.26470 23.222 -5.313 0.004
613 31 24 0.06456 18.994 -6.942 -1.147
614 31 24 0.06456 19.081 -3.473 1.147
615 31 22 0.08401 16.595 -6.881 -1.147
616 31 22 0.08401 16.682 -3.413 1.147
617 31 24 0.06456 20.748 -3.493 -1.111
618 31 24 0.06456 20.657 -7.007 1.113
619 31 22 0.08401 23.147 -3.554 -1.109
620 31 22 0.08401 23.056 -7.067 1.116
621 32 6 -0.01524 19.163 -5.211 0.0
622 32 5 -0.03594 18.479 -6.158 -0.637
623 32 5 -0.03594 18.527 -4.23 0.637
624 32 5 0.02734 17.15 -6.125 -0.638
625 32 5 0.02734 17.199 -4.196 0.638
626 32 42 -0.26470 16.517 -5.144 0.0
627 32 6 -0.01524 20.578 -5.247 0.001
628 32 5 -0.03594 21.263 -4.286 -0.617
629 32 5 -0.03594 21.212 -6.24 0.62
630 32 5 0.02734 22.591 -4.32 -0.615
631 32 5 0.02734 22.54 -6.274 0.622
632 32 42 -0.26470 23.222 -5.313 0.004
633 32 24 0.06456 18.994 -6.942 -1.147
634 32 24 0.06456 19.081 -3.473 1.147
635 32 22 0.08401 16.595 -6.881 -1.147
636 32 22 0.08401 16.682 -3.413 1.147
637 32 24 0.06456 20.748 -3.493 -1.111
638 32 24 0.06456 20.657 -7.007 1.113
639 32 22 0.08401 23.147 -3.554 -1.109
640 32 22 0.08401 23.056 -7.067 1.116
641 33 6 -0.01524 19.163 -5.211 0.0
642 33 5 -0.03594 18.479 -6.158 -0.637
643 33 5 -0.03594 18.527 -4.23 0.637
644 33 5 0.02734 17.15 -6.125 -0.638
645 33 5 0.02734 17.199 -4.196 0.638
646 33 42 -0.26470 16.517 -5.144 0.0
647 33 6 -0.01524 20.578 -5.247 0.001
648 33 5 -0.03594 21.263 -4.286 -0.617
649 33 5 -0.03594 21.212 -6.24 0.62
650 33 5 0.02734 22.591 -4.32 -0.615
651 33 5 0.02734 22.54 -6.274 0.622
652 33 42 -0.26470 23.222 -5.313 0.004
653 33 24 0.06456 18.994 -6.942 -1.147
654 33 24 0.06456 19.081 -3.473 1.147
655 33 22 0.08401 16.595 -6.881 -1.147
656 33 22 0.08401 16.682 -3.413 1.147
657 33 24 0.06456 20.748 -3.493 -1.111
658 33 24 0.06456 20.657 -7.007 1.113
659 33 22 0.08401 23.147 -3.554 -1.109
660 33 22 0.08401 23.056 -7.067 1.116
661 34 6 -0.01524 19.163 -5.211 0.0
662 34 5 -0.03594 18.479 -6.158 -0.637
663 34 5 -0.03594 18.527 -4.23 0.637
664 34 5 0.02734 17.15 -6.125 -0.638
665 34 5 0.02734 17.199 -4.196 0.638
666 34 42 -0.26470 16.517 -5.144 0.0
667 34 6 -0.01524 20.578 -5.247 0.001
668 34 5 -0.03594 21.263 -4.286 -0.617
669 34 5 -0.03594 21.212 -6.24 0.62
670 34 5 0.02734 22.591 -4.32 -0.615
671 34 5 0.02734 22.54 -6.274 0.622
672 34 42 -0.26470 23.222 -5.313 0.004
673 34 24 0.06456 18.994 -6.942 -1.147
674 34 24 0.06456 19.081 -3.473 1.147
675 34 22 0.08401 16.595 -6.881 -1.147
676 34 22 0.08401 16.682 -3.413 1.147
677 34 24 0.06456 20.748 -3.493 -1.111
678 34 24 0.06456 20.657 -7.007 1.113
679 34 22 0.08401 23.147 -3.554 -1.109
680 34 22 0.08401 23.056 -7.067 1.116
681 35 6 -0.01524 19.163 -5.211 0.0
682 35 5 -0.03594 18.479 -6.158 -0.637
683 35 5 -0.03594 18.527 -4.23 0.637
684 35 5 0.02734 17.15 -6.125 -0.638
685 35 5 0.02734 17.199 -4.196 0.638
686 35 42 -0.26470 16.517 -5.144 0.0
687 35 6 -0.01524 20.578 -5.247 0.001
688 35 5 -0.03594 21.263 -4.286 -0.617
689 35 5 -0.03594 21.212 -6.24 0.62
690 35 5 0.02734 22.591 -4.32 -0.615
691 35 5 0.02734 22.54 -6.274 0.622
692 35 42 -0.26470 23.222 -5.313 0.004
693 35 24 0.06456 18.994 -6.942 -1.147
694 35 24 0.06456 19.081 -3.473 1.147
695 35 22 0.08401 16.595 -6.881 -1.147
696 35 22 0.08401 16.682 -3.413 1.147
697 35 24 0.06456 20.748 -3.493 -1.111
698 35 24 0.06456 20.657 -7.007 1.113
699 35 22 0.08401 23.147 -3.554 -1.109
700 35 22 0.08401 23.056 -7.067 1.116
701 36 6 -0.01524 19.163 -5.211 0.0
702 36 5 -0.03594 18.479 -6.158 -0.637
703 36 5 -0.03594 18.527 -4.23 0.637
704 36 5 0.02734 17.15 -6.125 -0.638
705 36 5 0.02734 17.199 -4.196 0.638
706 36 42 -0.26470 16.517 -5.144 0.0
707 36 6 -0.01524 20.578 -5.247 0.001
708 36 5 -0.03594 21.263 -4.286 -0.617
709 36 5 -0.03594 21.212 -6.24 0.62
710 36 5 0.02734 22.591 -4.32 -0.615
711 36 5 0.02734 22.54 -6.274 0.622
712 36 42 -0.26470 23.222 -5.313 0.004
713 36 24 0.06456 18.994 -6.942 -1.147
714 36 24 0.06456 19.081 -3.473 1.147
715 36 22 0.08401 16.595 -6.881 -1.147
716 36 22 0.08401 16.682 -3.413 1.147
717 36 24 0.06456 20.748 -3.493 -1.111
718 36 24 0.06456 20.657 -7.007 1.113
719 36 22 0.08401 23.147 -3.554 -1.109
720 36 22 0.08401 23.056 -7.067 1.116
721 37 6 -0.01524 19.163 -5.211 0.0
722 37 5 -0.03594 18.479 -6.158 -0.637
723 37 5 -0.03594 18.527 -4.23 0.637
724 37 5 0.02734 17.15 -6.125 -0.638
725 37 5 0.02734 17.199 -4.196 0.638
726 37 42 -0.26470 16.517 -5.144 0.0
727 37 6 -0.01524 20.578 -5.247 0.001
728 37 5 -0.03594 21.263 -4.286 -0.617
729 37 5 -0.03594 21.212 -6.24 0.62
730 37 5 0.02734 22.591 -4.32 -0.615
731 37 5 0.02734 22.54 -6.274 0.622
732 37 42 -0.26470 23.222 -5.313 0.004
733 37 24 0.06456 18.994 -6.942 -1.147
734 37 24 0.06456 19.081 -3.473 1.147
735 37 22 0.08401 16.595 -6.881 -1.147
736 37 22 0.08401 16.682 -3.413 1.147
737 37 24 0.06456 20.748 -3.493 -1.111
738 37 24 0.06456 20.657 -7.007 1.113
739 37 22 0.08401 23.147 -3.554 -1.109
740 37 22 0.08401 23.056 -7.067 1.116
741 38 6 -0.01524 19.163 -5.211 0.0
742 38 5 -0.03594 18.479 -6.158 -0.637
743 38 5 -0.03594 18.527 -4.23 0.637
744 38 5 0.02734 17.15 -6.125 -0.638
745 38 5 0.02734 17.199 -4.196 0.638
746 38 42 -0.26470 16.517 -5.144 0.0
747 38 6 -0.01524 20.578 -5.247 0.001
748 38 5 -0.03594 21.263 -4.286 -0.617
749 38 5 -0.03594 21.212 -6.24 0.62
750 38 5 0.02734 22.591 -4.32 -0.615
751 38 5 0.02734 22.54 -6.274 0.622
752 38 42 -0.26470 23.222 -5.313 0.004
753 38 24 0.06456 18.994 -6.942 -1.147
754 38 24 0.06456 19.081 -3.473 1.147
755 38 22 0.08401 16.595 -6.881 -1.147
756 38 22 0.08401 16.682 -3.413 1.147
757 38 24 0.06456 20.748 -3.493 -1.111
758 38 24 0.06456 20.657 -7.007 1.113
759 38 22 0.08401 23.147 -3.554 -1.109
760 38 22 0.08401 23.056 -7.067 1.116
761 39 6 -0.01524 19.163 -5.211 0.0
762 39 5 -0.03594 18.479 -6.158 -0.637
763 39 5 -0.03594 18.527 -4.23 0.637
764 39 5 0.02734 17.15 -6.125 -0.638
765 39 5 0.02734 17.199 -4.196 0.638
766 39 42 -0.26470 16.517 -5.144 0.0
767 39 6 -0.01524 20.578 -5.247 0.001
768 39 5 -0.03594 21.263 -4.286 -0.617
769 39 5 -0.03594 21.212 -6.24 0.62
770 39 5 0.02734 22.591 -4.32 -0.615
771 39 5 0.02734 22.54 -6.274 0.622
772 39 42 -0.26470 23.222 -5.313 0.004
773 39 24 0.06456 18.994 -6.942 -1.147
774 39 24 0.06456 19.081 -3.473 1.147
775 39 22 0.08401 16.595 -6.881 -1.147
776 39 22 0.08401 16.682 -3.413 1.147
777 39 24 0.06456 20.748 -3.493 -1.111
778 39 24 0.06456 20.657 -7.007 1.113
779 39 22 0.08401 23.147 -3.554 -1.109
780 39 22 0.08401 23.056 -7.067 1.116
781 40 6 -0.01524 19.163 -5.211 0.0
782 40 5 -0.03594 18.479 -6.158 -0.637
783 40 5 -0.03594 18.527 -4.23 0.637
784 40 5 0.02734 17.15 -6.125 -0.638
785 40 5 0.02734 17.199 -4.196 0.638
786 40 42 -0.26470 16.517 -5.144 0.0
787 40 6 -0.01524 20.578 -5.247 0.001
788 40 5 -0.03594 21.263 -4.286 -0.617
789 40 5 -0.03594 21.212 -6.24 0.62
790 40 5 0.02734 22.591 -4.32 -0.615
791 40 5 0.02734 22.54 -6.274 0.622
792 40 42 -0.26470 23.222 -5.313 0.004
793 40 24 0.06456 18.994 -6.942 -1.147
794 40 24 0.06456 19.081 -3.473 1.147
795 40 22 0.08401 16.595 -6.881 -1.147
796 40 22 0.08401 16.682 -3.413 1.147
797 40 24 0.06456 20.748 -3.493 -1.111
798 40 24 0.06456 20.657 -7.007 1.113
799 40 22 0.08401 23.147 -3.554 -1.109
800 40 22 0.08401 23.056 -7.067 1.116
801 41 6 -0.01524 19.163 -5.211 0.0
802 41 5 -0.03594 18.479 -6.158 -0.637
803 41 5 -0.03594 18.527 -4.23 0.637
804 41 5 0.02734 17.15 -6.125 -0.638
805 41 5 0.02734 17.199 -4.196 0.638
806 41 42 -0.26470 16.517 -5.144 0.0
807 41 6 -0.01524 20.578 -5.247 0.001
808 41 5 -0.03594 21.263 -4.286 -0.617
809 41 5 -0.03594 21.212 -6.24 0.62
810 41 5 0.02734 22.591 -4.32 -0.615
811 41 5 0.02734 22.54 -6.274 0.622
812 41 42 -0.26470 23.222 -5.313 0.004
813 41 24 0.06456 18.994 -6.942 -1.147
814 41 24 0.06456 19.081 -3.473 1.147
815 41 22 0.08401 16.595 -6.881 -1.147
816 41 22 0.08401 16.682 -3.413 1.147
817 41 24 0.06456 20.748 -3.493 -1.111
818 41 24 0.06456 20.657 -7.007 1.113
819 41 22 0.08401 23.147 -3.554 -1.109
820 41 22 0.08401 23.056 -7.067 1.116
821 42 6 -0.01524 19.163 -5.211 0.0
822 42 5 -0.03594 18.479 -6.158 -0.637
823 42 5 -0.03594 18.527 -4.23 0.637
824 42 5 0.02734 17.15 -6.125 -0.638
825 42 5 0.02734 17.199 -4.196 0.638
826 42 42 -0.26470 16.517 -5.144 0.0
827 42 6 -0.01524 20.578 -5.247 0.001
828 42 5 -0.03594 21.263 -4.286 -0.617
829 42 5 -0.03594 21.212 -6.24 0.62
830 42 5 0.02734 22.591 -4.32 -0.615
831 42 5 0.02734 22.54 -6.274 0.622
832 42 42 -0.26470 23.222 -5.313 0.004
833 42 24 0.06456 18.994 -6.942 -1.147
834 42 24 0.06456 19.081 -3.473 1.147
835 42 22 0.08401 16.595 -6.881 -1.147
836 42 22 0.08401 16.682 -3.413 1.147
837 42 24 0.06456 20.748 -3.493 -1.111
838 42 24 0.06456 20.657 -7.007 1.113
839 42 22 0.08401 23.147 -3.554 -1.109
840 42 22 0.08401 23.056 -7.067 1.116
841 43 6 -0.01524 19.163 -5.211 0.0
842 43 5 -0.03594 18.479 -6.158 -0.637
843 43 5 -0.03594 18.527 -4.23 0.637
844 43 5 0.02734 17.15 -6.125 -0.638
845 43 5 0.02734 17.199 -4.196 0.638
846 43 42 -0.26470 16.517 -5.144 0.0
847 43 6 -0.01524 20.578 -5.247 0.001
848 43 5 -0.03594 21.263 -4.286 -0.617
849 43 5 -0.03594 21.212 -6.24 0.62
850 43 5 0.02734 22.591 -4.32 -0.615
851 43 5 0.02734 22.54 -6.274 0.622
852 43 42 -0.26470 23.222 -5.313 0.004
853 43 24 0.06456 18.994 -6.942 -1.147
854 43 24 0.06456 19.081 -3.473 1.147
855 43 22 0.08401 16.595 -6.881 -1.147
856 43 22 0.08401 16.682 -3.413 1.147
857 43 24 0.06456 20.748 -3.493 -1.111
858 43 24 0.06456 20.657 -7.007 1.113
859 43 22 0.08401 23.147 -3.554 -1.109
860 43 22 0.08401 23.056 -7.067 1.116
861 44 6 -0.01524 19.163 -5.211 0.0
862 44 5 -0.03594 18.479 -6.158 -0.637
863 44 5 -0.03594 18.527 -4.23 0.637
864 44 5 0.02734 17.15 -6.125 -0.638
865 44 5 0.02734 17.199 -4.196 0.638
866 44 42 -0.26470 16.517 -5.144 0.0
867 44 6 -0.01524 20.578 -5.247 0.001
868 44 5 -0.03594 21.263 -4.286 -0.617
869 44 5 -0.03594 21.212 -6.24 0.62
870 44 5 0.02734 22.591 -4.32 -0.615
871 44 5 0.02734 22.54 -6.274 0.622
872 44 42 -0.26470 23.222 -5.313 0.004
873 44 24 0.06456 18.994 -6.942 -1.147
874 44 24 0.06456 19.081 -3.473 1.147
875 44 22 0.08401 16.595 -6.881 -1.147
876 44 22 0.08401 16.682 -3.413 1.147
877 44 24 0.06456 20.748 -3.493 -1.111
878 44 24 0.06456 20.657 -7.007 1.113
879 44 22 0.08401 23.147 -3.554 -1.109
880 44 22 0.08401 23.056 -7.067 1.116
881 45 6 -0.01524 19.163 -5.211 0.0
882 45 5 -0.03594 18.479 -6.158 -0.637
883 45 5 -0.03594 18.527 -4.23 0.637
884 45 5 0.02734 17.15 -6.125 -0.638
885 45 5 0.02734 17.199 -4.196 0.638
886 45 42 -0.26470 16.517 -5.144 0.0
887 45 6 -0.01524 20.578 -5.247 0.001
888 45 5 -0.03594 21.263 -4.286 -0.617
889 45 5 -0.03594 21.212 -6.24 0.62
890 45 5 0.02734 22.591 -4.32 -0.615
891 45 5 0.02734 22.54 -6.274 0.622
892 45 42 -0.26470 23.222 -5.313 0.004
893 45 24 0.06456 18.994 -6.942 -1.147
894 45 24 0.06456 19.081 -3.473 1.147
895 45 22 0.08401 16.595 -6.881 -1.147
896 45 22 0.08401 16.682 -3.413 1.147
897 45 24 0.06456 20.748 -3.493 -1.111
898 45 24 0.06456 20.657 -7.007 1.113
899 45 22 0.08401 23.147 -3.554 -1.109
900 45 22 0.08401 23.056 -7.067 1.116
901 46 6 -0.01524 19.163 -5.211 0.0
902 46 5 -0.03594 18.479 -6.158 -0.637
903 46 5 -0.03594 18.527 -4.23 0.637
904 46 5 0.02734 17.15 -6.125 -0.638
905 46 5 0.02734 17.199 -4.196 0.638
906 46 42 -0.26470 16.517 -5.144 0.0
907 46 6 -0.01524 20.578 -5.247 0.001
908 46 5 -0.03594 21.263 -4.286 -0.617
909 46 5 -0.03594 21.212 -6.24 0.62
910 46 5 0.02734 22.591 -4.32 -0.615
911 46 5 0.02734 22.54 -6.274 0.622
912 46 42 -0.26470 23.222 -5.313 0.004
913 46 24 0.06456 18.994 -6.942 -1.147
914 46 24 0.06456 19.081 -3.473 1.147
915 46 22 0.08401 16.595 -6.881 -1.147
916 46 22 0.08401 16.682 -3.413 1.147
917 46 24 0.06456 20.748 -3.493 -1.111
918 46 24 0.06456 20.657 -7.007 1.113
919 46 22 0.08401 23.147 -3.554 -1.109
920 46 22 0.08401 23.056 -7.067 1.116
921 47 6 -0.01524 19.163 -5.211 0.0
922 47 5 -0.03594 18.479 -6.158 -0.637
923 47 5 -0.03594 18.527 -4.23 0.637
924 47 5 0.02734 17.15 -6.125 -0.638
925 47 5 0.02734 17.199 -4.196 0.638
926 47 42 -0.26470 16.517 -5.144 0.0
927 47 6 -0.01524 20.578 -5.247 0.001
928 47 5 -0.03594 21.263 -4.286 -0.617
929 47 5 -0.03594 21.212 -6.24 0.62
930 47 5 0.02734 22.591 -4.32 -0.615
931 47 5 0.02734 22.54 -6.274 0.622
932 47 42 -0.26470 23.222 -5.313 0.004
933 47 24 0.06456 18.994 -6.942 -1.147
934 47 24 0.06456 19.081 -3.473 1.147
935 47 22 0.08401 16.595 -6.881 -1.147
936 47 22 0.08401 16.682 -3.413 1.147
937 47 24 0.06456 20.748 -3.493 -1.111
938 47 24 0.06456 20.657 -7.007 1.113
939 47 22 0.08401 23.147 -3.554 -1.109
940 47 22 0.08401 23.056 -7.067 1.116
941 48 6 -0.01524 19.163 -5.211 0.0
942 48 5 -0.03594 18.479 -6.158 -0.637
943 48 5 -0.03594 18.527 -4.23 0.637
944 48 5 0.02734 17.15 -6.125 -0.638
945 48 5 0.02734 17.199 -4.196 0.638
946 48 42 -0.26470 16.517 -5.144 0.0
947 48 6 -0.01524 20.578 -5.247 0.001
948 48 5 -0.03594 21.263 -4.286 -0.617
949 48 5 -0.03594 21.212 -6.24 0.62
950 48 5 0.02734 22.591 -4.32 -0.615
951 48 5 0.02734 22.54 -6.274 0.622
952 48 42 -0.26470 23.222 -5.313 0.004
953 48 24 0.06456 18.994 -6.942 -1.147
954 48 24 0.06456 19.081 -3.473 1.147
955 48 22 0.08401 16.595 -6.881 -1.147
956 48 22 0.08401 16.682 -3.413 1.147
957 48 24 0.06456 20.748 -3.493 -1.111
958 48 24 0.06456 20.657 -7.007 1.113
959 48 22 0.08401 23.147 -3.554 -1.109
960 48 22 0.08401 23.056 -7.067 1.116
961 49 6 -0.01524 19.163 -5.211 0.0
962 49 5 -0.03594 18.479 -6.158 -0.637
963 49 5 -0.03594 18.527 -4.23 0.637
964 49 5 0.02734 17.15 -6.125 -0.638
965 49 5 0.02734 17.199 -4.196 0.638
966 49 42 -0.26470 16.517 -5.144 0.0
967 49 6 -0.01524 20.578 -5.247 0.001
968 49 5 -0.03594 21.263 -4.286 -0.617
969 49 5 -0.03594 21.212 -6.24 0.62
970 49 5 0.02734 22.591 -4.32 -0.615
971 49 5 0.02734 22.54 -6.274 0.622
972 49 42 -0.26470 23.222 -5.313 0.004
973 49 24 0.06456 18.994 -6.942 -1.147
974 49 24 0.06456 19.081 -3.473 1.147
975 49 22 0.08401 16.595 -6.881 -1.147
976 49 22 0.08401 16.682 -3.413 1.147
977 49 24 0.06456 20.748 -3.493 -1.111
978 49 24 0.06456 20.657 -7.007 1.113
979 49 22 0.08401 23.147 -3.554 -1.109
980 49 22 0.08401 23.056 -7.067 1.116
981 50 6 -0.01524 19.163 -5.211 0.0
982 50 5 -0.03594 18.479 -6.158 -0.637
983 50 5 -0.03594 18.527 -4.23 0.637
984 50 5 0.02734 17.15 -6.125 -0.638
985 50 5 0.02734 17.199 -4.196 0.638
986 50 42 -0.26470 16.517 -5.144 0.0
987 50 6 -0.01524 20.578 -5.247 0.001
988 50 5 -0.03594 21.263 -4.286 -0.617
989 50 5 -0.03594 21.212 -6.24 0.62
990 50 5 0.02734 22.591 -4.32 -0.615
991 50 5 0.02734 22.54 -6.274 0.622
992 50 42 -0.26470 23.222 -5.313 0.004
993 50 24 0.06456 18.994 -6.942 -1.147
994 50 24 0.06456 19.081 -3.473 1.147
995 50 22 0.08401 16.595 -6.881 -1.147
996 50 22 0.08401 16.682 -3.413 1.147
997 50 24 0.06456 20.748 -3.493 -1.111
998 50 24 0.06456 20.657 -7.007 1.113
999 50 22 0.08401 23.147 -3.554 -1.109
1000 50 22 0.08401 23.056 -7.067 1.116
1001 51 6 -0.01524 19.163 -5.211 0.0
1002 51 5 -0.03594 18.479 -6.158 -0.637
1003 51 5 -0.03594 18.527 -4.23 0.637
1004 51 5 0.02734 17.15 -6.125 -0.638
1005 51 5 0.02734 17.199 -4.196 0.638
1006 51 42 -0.26470 16.517 -5.144 0.0
1007 51 6 -0.01524 20.578 -5.247 0.001
1008 51 5 -0.03594 21.263 -4.286 -0.617
1009 51 5 -0.03594 21.212 -6.24 0.62
1010 51 5 0.02734 22.591 -4.32 -0.615
1011 51 5 0.02734 22.54 -6.274 0.622
1012 51 42 -0.26470 23.222 -5.313 0.004
1013 51 24 0.06456 18.994 -6.942 -1.147
1014 51 24 0.06456 19.081 -3.473 1.147
1015 51 22 0.08401 16.595 -6.881 -1.147
1016 51 22 0.08401 16.682 -3.413 1.147
1017 51 24 0.06456 20.748 -3.493 -1.111
1018 51 24 0.06456 20.657 -7.007 1.113
1019 51 22 0.08401 23.147 -3.554 -1.109
1020 51 22 0.08401 23.056 -7.067 1.116
1021 52 6 -0.01524 19.163 -5.211 0.0
1022 52 5 -0.03594 18.479 -6.158 -0.637
1023 52 5 -0.03594 18.527 -4.23 0.637
1024 52 5 0.02734 17.15 -6.125 -0.638
1025 52 5 0.02734 17.199 -4.196 0.638
1026 52 42 -0.26470 16.517 -5.144 0.0
1027 52 6 -0.01524 20.578 -5.247 0.001
1028 52 5 -0.03594 21.263 -4.286 -0.617
1029 52 5 -0.03594 21.212 -6.24 0.62
1030 52 5 0.02734 22.591 -4.32 -0.615
1031 52 5 0.02734 22.54 -6.274 0.622
1032 52 42 -0.26470 23.222 -5.313 0.004
1033 52 24 0.06456 18.994 -6.942 -1.147
1034 52 24 0.06456 19.081 -3.473 1.147
1035 52 22 0.08401 16.595 -6.881 -1.147
1036 52 22 0.08401 16.682 -3.413 1.147
1037 52 24 0.06456 20.748 -3.493 -1.111
1038 52 24 0.06456 20.657 -7.007 1.113
1039 52 22 0.08401 23.147 -3.554 -1.109
1040 52 22 0.08401 23.056 -7.067 1.116
1041 53 6 -0.01524 19.163 -5.211 0.0
1042 53 5 -0.03594 18.479 -6.158 -0.637
1043 53 5 -0.03594 18.527 -4.23 0.637
1044 53 5 0.02734 17.15 -6.125 -0.638
1045 53 5 0.02734 17.199 -4.196 0.638
1046 53 42 -0.26470 16.517 -5.144 0.0
1047 53 6 -0.01524 20.578 -5.247 0.001
1048 53 5 -0.03594 21.263 -4.286 -0.617
1049 53 5 -0.03594 21.212 -6.24 0.62
1050 53 5 0.02734 22.591 -4.32 -0.615
1051 53 5 0.02734 22.54 -6.274 0.622
1052 53 42 -0.26470 23.222 -5.313 0.004
1053 53 24 0.06456 18.994 -6.942 -1.147
1054 53 24 0.06456 19.081 -3.473 1.147
1055 53 22 0.08401 16.595 -6.881 -1.147
1056 53 22 0.08401 16.682 -3.413 1.147
1057 53 24 0.06456 20.748 -3.493 -1.111
1058 53 24 0.06456 20.657 -7.007 1.113
1059 53 22 0.08401 23.147 -3.554 -1.109
1060 53 22 0.08401 23.056 -7.067 1.116
1061 54 6 -0.01524 19.163 -5.211 0.0
1062 54 5 -0.03594 18.479 -6.158 -0.637
1063 54 5 -0.03594 18.527 -4.23 0.637
1064 54 5 0.02734 17.15 -6.125 -0.638
1065 54 5 0.02734 17.199 -4.196 0.638
1066 54 42 -0.26470 16.517 -5.144 0.0
1067 54 6 -0.01524 20.578 -5.247 0.001
1068 54 5 -0.03594 21.263 -4.286 -0.617
1069 54 5 -0.03594 21.212 -6.24 0.62
1070 54 5 0.02734 22.591 -4.32 -0.615
1071 54 5 0.02734 22.54 -6.274 0.622
1072 54 42 -0.26470 23.222 -5.313 0.004
1073 54 24 0.06456 18.994 -6.942 -1.147
1074 54 24 0.06456 19.081 -3.473 1.147
1075 54 22 0.08401 16.595 -6.881 -1.147
1076 54 22 0.08401 16.682 -3.413 1.147
1077 54 24 0.06456 20.748 -3.493 -1.111
1078 54 24 0.06456 20.657 -7.007 1.113
1079 54 22 0.08401 23.147 -3.554 -1.109
1080 54 22 0.08401 23.056 -7.067 1.116
1081 55 6 -0.01524 19.163 -5.211 0.0
1082 55 5 -0.03594 18.479 -6.158 -0.637
1083 55 5 -0.03594 18.527 -4.23 0.637
1084 55 5 0.02734 17.15 -6.125 -0.638
1085 55 5 0.02734 17.199 -4.196 0.638
1086 55 42 -0.26470 16.517 -5.144 0.0
1087 55 6 -0.01524 20.578 -5.247 0.001
1088 55 5 -0.03594 21.263 -4.286 -0.617
1089 55 5 -0.03594 21.212 -6.24 0.62
1090 55 5 0.02734 22.591 -4.32 -0.615
1091 55 5 0.02734 22.54 -6.274 0.622
1092 55 42 -0.26470 23.222 -5.313 0.004
1093 55 24 0.06456 18.994 -6.942 -1.147
1094 55 24 0.06456 19.081 -3.473 1.147
1095 55 22 0.08401 16.595 -6.881 -1.147
1096 55 22 0.08401 16.682 -3.413 1.147
1097 55 24 0.06456 20.748 -3.493 -1.111
1098 55 24 0.06456 20.657 -7.007 1.113
1099 55 22 0.08401 23.147 -3.554 -1.109
1100 55 22 0.08401 23.056 -7.067 1.116
1101 56 6 -0.01524 19.163 -5.211 0.0
1102 56 5 -0.03594 18.479 -6.158 -0.637
1103 56 5 -0.03594 18.527 -4.23 0.637
1104 56 5 0.02734 17.15 -6.125 -0.638
1105 56 5 0.02734 17.199 -4.196 0.638
1106 56 42 -0.26470 16.517 -5.144 0.0
1107 56 6 -0.01524 20.578 -5.247 0.001
1108 56 5 -0.03594 21.263 -4.286 -0.617
1109 56 5 -0.03594 21.212 -6.24 0.62
1110 56 5 0.02734 22.591 -4.32 -0.615
1111 56 5 0.02734 22.54 -6.274 0.622
1112 56 42 -0.26470 23.222 -5.313 0.004
1113 56 24 0.06456 18.994 -6.942 -1.147
1114 56 24 0.06456 19.081 -3.473 1.147
1115 56 22 0.08401 16.595 -6.881 -1.147
1116 56 22 0.08401 16.682 -3.413 1.147
1117 56 24 0.06456 20.748 -3.493 -1.111
1118 56 24 0.06456 20.657 -7.007 1.113
1119 56 22 0.08401 23.147 -3.554 -1.109
1120 56 22 0.08401 23.056 -7.067 1.116
1121 57 6 -0.01524 19.163 -5.211 0.0
1122 57 5 -0.03594 18.479 -6.158 -0.637
1123 57 5 -0.03594 18.527 -4.23 0.637
1124 57 5 0.02734 17.15 -6.125 -0.638
1125 57 5 0.02734 17.199 -4.196 0.638
1126 57 42 -0.26470 16.517 -5.144 0.0
1127 57 6 -0.01524 20.578 -5.247 0.001
1128 57 5 -0.03594 21.263 -4.286 -0.617
1129 57 5 -0.03594 21.212 -6.24 0.62
1130 57 5 0.02734 22.591 -4.32 -0.615
1131 57 5 0.02734 22.54 -6.274 0.622
1132 57 42 -0.26470 23.222 -5.313 0.004
1133 57 24 0.06456 18.994 -6.942 -1.147
1134 57 24 0.06456 19.081 -3.473 1.147
1135 57 22 0.08401 16.595 -6.881 -1.147
1136 57 22 0.08401 16.682 -3.413 1.147
1137 57 24 0.06456 20.748 -3.493 -1.111
1138 57 24 0.06456 20.657 -7.007 1.113
1139 57 22 0.08401 23.147 -3.554 -1.109
1140 57 22 0.08401 23.056 -7.067 1.116
1141 58 6 -0.01524 19.163 -5.211 0.0
1142 58 5 -0.03594 18.479 -6.158 -0.637
1143 58 5 -0.03594 18.527 -4.23 0.637
1144 58 5 0.02734 17.15 -6.125 -0.638
1145 58 5 0.02734 17.199 -4.196 0.638
1146 58 42 -0.26470 16.517 -5.144 0.0
1147 58 6 -0.01524 20.578 -5.247 0.001
1148 58 5 -0.03594 21.263 -4.286 -0.617
1149 58 5 -0.03594 21.212 -6.24 0.62
1150 58 5 0.02734 22.591 -4.32 -0.615
1151 58 5 0.02734 22.54 -6.274 0.622
1152 58 42 -0.26470 23.222 -5.313 0.004
1153 58 24 0.06456 18.994 -6.942 -1.147
1154 58 24 0.06456 19.081 -3.473 1.147
1155 58 22 0.08401 16.595 -6.881 -1.147
1156 58 22 0.08401 16.682 -3.413 1.147
1157 58 24 0.06456 20.748 -3.493 -1.111
1158 58 24 0.06456 20.657 -7.007 1.113
1159 58 22 0.08401 23.147 -3.554 -1.109
1160 58 22 0.08401 23.056 -7.067 1.116
1161 59 6 -0.01524 19.163 -5.211 0.0
1162 59 5 -0.03594 18.479 -6.158 -0.637
1163 59 5 -0.03594 18.527 -4.23 0.637
1164 59 5 0.02734 17.15 -6.125 -0.638
1165 59 5 0.02734 17.199 -4.196 0.638
1166 59 42 -0.26470 16.517 -5.144 0.0
1167 59 6 -0.01524 20.578 -5.247 0.001
1168 59 5 -0.03594 21.263 -4.286 -0.617
1169 59 5 -0.03594 21.212 -6.24 0.62
1170 59 5 0.02734 22.591 -4.32 -0.615
1171 59 5 0.02734 22.54 -6.274 0.622
1172 59 42 -0.26470 23.222 -5.313 0.004
1173 59 24 0.06456 18.994 -6.942 -1.147
1174 59 24 0.06456 19.081 -3.473 1.147
1175 59 22 0.08401 16.595 -6.881 -1.147
1176 59 22 0.08401 16.682 -3.413 1.147
1177 59 24 0.06456 20.748 -3.493 -1.111
1178 59 24 0.06456 20.657 -7.007 1.113
1179 59 22 0.08401 23.147 -3.554 -1.109
1180 59 22 0.08401 23.056 -7.067 1.116
1181 60 6 -0.01524 19.163 -5.211 0.0
1182 60 5 -0.03594 18.479 -6.158 -0.637
1183 60 5 -0.03594 18.527 -4.23 0.637
1184 60 5 0.02734 17.15 -6.125 -0.638
1185 60 5 0.02734 17.199 -4.196 0.638
1186 60 42 -0.26470 16.517 -5.144 0.0
1187 60 6 -0.01524 20.578 -5.247 0.001
1188 60 5 -0.03594 21.263 -4.286 -0.617
1189 60 5 -0.03594 21.212 -6.24 0.62
1190 60 5 0.02734 22.591 -4.32 -0.615
1191 60 5 0.02734 22.54 -6.274 0.622
1192 60 42 -0.26470 23.222 -5.313 0.004
1193 60 24 0.06456 18.994 -6.942 -1.147
1194 60 24 0.06456 19.081 -3.473 1.147
1195 60 22 0.08401 16.595 -6.881 -1.147
1196 60 22 0.08401 16.682 -3.413 1.147
1197 60 24 0.06456 20.748 -3.493 -1.111
1198 60 24 0.06456 20.657 -7.007 1.113
1199 60 22 0.08401 23.147 -3.554 -1.109
1200 60 22 0.08401 23.056 -7.067 1.116
1201 61 6 -0.01524 19.163 -5.211 0.0
1202 61 5 -0.03594 18.479 -6.158 -0.637
1203 61 5 -0.03594 18.527 -4.23 0.637
1204 61 5 0.02734 17.15 -6.125 -0.638
1205 61 5 0.02734 17.199 -4.196 0.638
1206 61 42 -0.26470 16.517 -5.144 0.0
1207 61 6 -0.01524 20.578 -5.247 0.001
1208 61 5 -0.03594 21.263 -4.286 -0.617
1209 61 5 -0.03594 21.212 -6.24 0.62
1210 61 5 0.02734 22.591 -4.32 -0.615
1211 61 5 0.02734 22.54 -6.274 0.622
1212 61 42 -0.26470 23.222 -5.313 0.004
1213 61 24 0.06456 18.994 -6.942 -1.147
1214 61 24 0.06456 19.081 -3.473 1.147
1215 61 22 0.08401 16.595 -6.881 -1.147
1216 61 22 0.08401 16.682 -3.413 1.147
1217 61 24 0.06456 20.748 -3.493 -1.111
1218 61 24 0.06456 20.657 -7.007 1.113
1219 61 22 0.08401 23.147 -3.554 -1.109
1220 61 22 0.08401 23.056 -7.067 1.116
1221 62 6 -0.01524 19.163 -5.211 0.0
1222 62 5 -0.03594 18.479 -6.158 -0.637
1223 62 5 -0.03594 18.527 -4.23 0.637
1224 62 5 0.02734 17.15 -6.125 -0.638
1225 62 5 0.02734 17.199 -4.196 0.638
1226 62 42 -0.26470 16.517 -5.144 0.0
1227 62 6 -0.01524 20.578 -5.247 0.001
1228 62 5 -0.03594 21.263 -4.286 -0.617
1229 62 5 -0.03594 21.212 -6.24 0.62
1230 62 5 0.02734 22.591 -4.32 -0.615
1231 62 5 0.02734 22.54 -6.274 0.622
1232 62 42 -0.26470 23.222 -5.313 0.004
1233 62 24 0.06456 18.994 -6.942 -1.147
1234 62 24 0.06456 19.081 -3.473 1.147
1235 62 22 0.08401 16.595 -6.881 -1.147
1236 62 22 0.08401 16.682 -3.413 1.147
1237 62 24 0.06456 20.748 -3.493 -1.111
1238 62 24 0.06456 20.657 -7.007 1.113
1239 62 22 0.08401 23.147 -3.554 -1.109
1240 62 22 0.08401 23.056 -7.067 1.116
1241 63 6 -0.01524 19.163 -5.211 0.0
1242 63 5 -0.03594 18.479 -6.158 -0.637
1243 63 5 -0.03594 18.527 -4.23 0.637
1244 63 5 0.02734 17.15 -6.125 -0.638
1245 63 5 0.02734 17.199 -4.196 0.638
1246 63 42 -0.26470 16.517 -5.144 0.0
1247 63 6 -0.01524 20.578 -5.247 0.001
1248 63 5 -0.03594 21.263 -4.286 -0.617
1249 63 5 -0.03594 21.212 -6.24 0.62
1250 63 5 0.02734 22.591 -4.32 -0.615
1251 63 5 0.02734 22.54 -6.274 0.622
1252 63 42 -0.26470 23.222 -5.313 0.004
1253 63 24 0.06456 18.994 -6.942 -1.147
1254 63 24 0.06456 19.081 -3.473 1.147
1255 63 22 0.08401 16.595 -6.881 -1.147
1256 63 22 0.08401 16.682 -3.413 1.147
1257 63 24 0.06456 20.748 -3.493 -1.111
1258 63 24 0.06456 20.657 -7.007 1.113
1259 63 22 0.08401 23.147 -3.554 -1.109
1260 63 22 0.08401 23.056 -7.067 1.116
1261 64 6 -0.01524 19.163 -5.211 0.0
1262 64 5 -0.03594 18.479 -6.158 -0.637
1263 64 5 -0.03594 18.527 -4.23 0.637
1264 64 5 0.02734 17.15 -6.125 -0.638
1265 64 5 0.02734 17.199 -4.196 0.638
1266 64 42 -0.26470 16.517 -5.144 0.0
1267 64 6 -0.01524 20.578 -5.247 0.001
1268 64 5 -0.03594 21.263 -4.286 -0.617
1269 64 5 -0.03594 21.212 -6.24 0.62
1270 64 5 0.02734 22.591 -4.32 -0.615
1271 64 5 0.02734 22.54 -6.274 0.622
1272 64 42 -0.26470 23.222 -5.313 0.004
1273 64 24 0.06456 18.994 -6.942 -1.147
1274 64 24 0.06456 19.081 -3.473 1.147
1275 64 22 0.08401 16.595 -6.881 -1.147
1276 64 22 0.08401 16.682 -3.413 1.147
1277 64 24 0.06456 20.748 -3.493 -1.111
1278 64 24 0.06456 20.657 -7.007 1.113
1279 64 22 0.08401 23.147 -3.554 -1.109
1280 64 22 0.08401 23.056 -7.067 1.116
1281 65 6 -0.01524 19.163 -5.211 0.0
1282 65 5 -0.03594 18.479 -6.158 -0.637
1283 65 5 -0.03594 18.527 -4.23 0.637
1284 65 5 0.02734 17.15 -6.125 -0.638
1285 65 5 0.02734 17.199 -4.196 0.638
1286 65 42 -0.26470 16.517 -5.144 0.0
1287 65 6 -0.01524 20.578 -5.247 0.001
1288 65 5 -0.03594 21.263 -4.286 -0.617
1289 65 5 -0.03594 21.212 -6.24 0.62
1290 65 5 0.02734 22.591 -4.32 -0.615
1291 65 5 0.02734 22.54 -6.274 0.622
1292 65 42 -0.26470 23.222 -5.313 0.004
1293 65 24 0.06456 18.994 -6.942 -1.147
1294 65 24 0.06456 19.081 -3.473 1.147
1295 65 22 0.08401 16.595 -6.881 -1.147
1296 65 22 0.08401 16.682 -3.413 1.147
1297 65 24 0.06456 20.748 -3.493 -1.111
1298 65 24 0.06456 20.657 -7.007 1.113
1299 65 22 0.08401 23.147 -3.554 -1.109
1300 65 22 0.08401 23.056 -7.067 1.116
1301 66 6 -0.01524 19.163 -5.211 0.0
1302 66 5 -0.03594 18.479 -6.158 -0.637
1303 66 5 -0.03594 18.527 -4.23 0.637
1304 66 5 0.02734 17.15 -6.125 -0.638
1305 66 5 0.02734 17.199 -4.196 0.638
1306 66 42 -0.26470 16.517 -5.144 0.0
1307 66 6 -0.01524 20.578 -5.247 0.001
1308 66 5 -0.03594 21.263 -4.286 -0.617
1309 66 5 -0.03594 21.212 -6.24 0.62
1310 66 5 0.02734 22.591 -4.32 -0.615
1311 66 5 0.02734 22.54 -6.274 0.622
1312 66 42 -0.26470 23.222 -5.313 0.004
1313 66 24 0.06456 18.994 -6.942 -1.147
1314 66 24 0.06456 19.081 -3.473 1.147
1315 66 22 0.08401 16.595 -6.881 -1.147
1316 66 22 0.08401 16.682 -3.413 1.147
1317 66 24 0.06456 20.748 -3.493 -1.111
1318 66 24 0.06456 20.657 -7.007 1.113
1319 66 22 0.08401 23.147 -3.554 -1.109
1320 66 22 0.08401 23.056 -7.067 1.116
1321 67 6 -0.01524 19.163 -5.211 0.0
1322 67 5 -0.03594 18.479 -6.158 -0.637
1323 67 5 -0.03594 18.527 -4.23 0.637
1324 67 5 0.02734 17.15 -6.125 -0.638
1325 67 5 0.02734 17.199 -4.196 0.638
1326 67 42 -0.26470 16.517 -5.144 0.0
1327 67 6 -0.01524 20.578 -5.247 0.001
1328 67 5 -0.03594 21.263 -4.286 -0.617
1329 67 5 -0.03594 21.212 -6.24 0.62
1330 67 5 0.02734 22.591 -4.32 -0.615
1331 67 5 0.02734 22.54 -6.274 0.622
1332 67 42 -0.26470 23.222 -5.313 0.004
1333 67 24 0.06456 18.994 -6.942 -1.147
1334 67 24 0.06456 19.081 -3.473 1.147
1335 67 22 0.08401 16.595 -6.881 -1.147
1336 67 22 0.08401 16.682 -3.413 1.147
1337 67 24 0.06456 20.748 -3.493 -1.111
1338 67 24 0.06456 20.657 -7.007 1.113
1339 67 22 0.08401 23.147 -3.554 -1.109
1340 67 22 0.08401 23.056 -7.067 1.116
1341 68 6 -0.01524 19.163 -5.211 0.0
1342 68 5 -0.03594 18.479 -6.158 -0.637
1343 68 5 -0.03594 18.527 -4.23 0.637
1344 68 5 0.02734 17.15 -6.125 -0.638
1345 68 5 0.02734 17.199 -4.196 0.638
1346 68 42 -0.26470 16.517 -5.144 0.0
1347 68 6 -0.01524 20.578 -5.247 0.001
1348 68 5 -0.03594 21.263 -4.286 -0.617
1349 68 5 -0.03594 21.212 -6.24 0.62
1350 68 5 0.02734 22.591 -4.32 -0.615
1351 68 5 0.02734 22.54 -6.274 0.622
1352 68 42 -0.26470 23.222 -5.313 0.004
1353 68 24 0.06456 18.994 -6.942 -1.147
1354 68 24 0.06456 19.081 -3.473 1.147
1355 68 22 0.08401 16.595 -6.881 -1.147
1356 68 22 0.08401 16.682 -3.413 1.147
1357 68 24 0.06456 20.748 -3.493 -1.111
1358 68 24 0.06456 20.657 -7.007 1.113
1359 68 22 0.08401 23.147 -3.554 -1.109
1360 68 22 0.08401 23.056 -7.067 1.116
1361 69 6 -0.01524 19.163 -5.211 0.0
1362 69 5 -0.03594 18.479 -6.158 -0.637
1363 69 5 -0.03594 18.527 -4.23 0.637
1364 69 5 0.02734 17.15 -6.125 -0.638
1365 69 5 0.02734 17.199 -4.196 0.638
1366 69 42 -0.26470 16.517 -5.144 0.0
1367 69 6 -0.01524 20.578 -5.247 0.001
1368 69 5 -0.03594 21.263 -4.286 -0.617
1369 69 5 -0.03594 21.212 -6.24 0.62
1370 69 5 0.02734 22.591 -4.32 -0.615
1371 69 5 0.02734 22.54 -6.274 0.622
1372 69 42 -0.26470 23.222 -5.313 0.004
1373 69 24 0.06456 18.994 -6.942 -1.147
1374 69 24 0.06456 19.081 -3.473 1.147
1375 69 22 0.08401 16.595 -6.881 -1.147
1376 69 22 0.08401 16.682 -3.413 1.147
1377 69 24 0.06456 20.748 -3.493 -1.111
1378 69 24 0.06456 20.657 -7.007 1.113
1379 69 22 0.08401 23.147 -3.554 -1.109
1380 69 22 0.08401 23.056 -7.067 1.116
1381 70 6 -0.01524 19.163 -5.211 0.0
1382 70 5 -0.03594 18.479 -6.158 -0.637
1383 70 5 -0.03594 18.527 -4.23 0.637
1384 70 5 0.02734 17.15 -6.125 -0.638
1385 70 5 0.02734 17.199 -4.196 0.638
1386 70 42 -0.26470 16.517 -5.144 0.0
1387 70 6 -0.01524 20.578 -5.247 0.001
1388 70 5 -0.03594 21.263 -4.286 -0.617
1389 70 5 -0.03594 21.212 -6.24 0.62
1390 70 5 0.02734 22.591 -4.32 -0.615
1391 70 5 0.02734 22.54 -6.274 0.622
1392 70 42 -0.26470 23.222 -5.313 0.004
1393 70 24 0.06456 18.994 -6.942 -1.147
1394 70 24 0.06456 19.081 -3.473 1.147
1395 70 22 0.08401 16.595 -6.881 -1.147
1396 70 22 0.08401 16.682 -3.413 1.147
1397 70 24 0.06456 20.748 -3.493 -1.111
1398 70 24 0.06456 20.657 -7.007 1.113
1399 70 22 0.08401 23.147 -3.554 -1.109
1400 70 22 0.08401 23.056 -7.067 1.116
1401 71 6 -0.01524 19.163 -5.211 0.0
1402 71 5 -0.03594 18.479 -6.158 -0.637
1403 71 5 -0.03594 18.527 -4.23 0.637
1404 71 5 0.02734 17.15 -6.125 -0.638
1405 71 5 0.02734 17.199 -4.196 0.638
1406 71 42 -0.26470 16.517 -5.144 0.0
1407 71 6 -0.01524 20.578 -5.247 0.001
1408 71 5 -0.03594 21.263 -4.286 -0.617
1409 71 5 -0.03594 21.212 -6.24 0.62
1410 71 5 0.02734 22.591 -4.32 -0.615
1411 71 5 0.02734 22.54 -6.274 0.622
1412 71 42 -0.26470 23.222 -5.313 0.004
1413 71 24 0.06456 18.994 -6.942 -1.147
1414 71 24 0.06456 19.081 -3.473 1.147
1415 71 22 0.08401 16.595 -6.881 -1.147
1416 71 22 0.08401 16.682 -3.413 1.147
1417 71 24 0.06456 20.748 -3.493 -1.111
1418 71 24 0.06456 20.657 -7.007 1.113
1419 71 22 0.08401 23.147 -3.554 -1.109
1420 71 22 0.08401 23.056 -7.067 1.116
1421 72 6 -0.01524 19.163 -5.211 0.0
1422 72 5 -0.03594 18.479 -6.158 -0.637
1423 72 5 -0.03594 18.527 -4.23 0.637
1424 72 5 0.02734 17.15 -6.125 -0.638
1425 72 5 0.02734 17.199 -4.196 0.638
1426 72 42 -0.26470 16.517 -5.144 0.0
1427 72 6 -0.01524 20.578 -5.247 0.001
1428 72 5 -0.03594 21.263 -4.286 -0.617
1429 72 5 -0.03594 21.212 -6.24 0.62
1430 72 5 0.02734 22.591 -4.32 -0.615
1431 72 5 0.02734 22.54 -6.274 0.622
1432 72 42 -0.26470 23.222 -5.313 0.004
1433 72 24 0.06456 18.994 -6.942 -1.147
1434 72 24 0.06456 19.081 -3.473 1.147
1435 72 22 0.08401 16.595 -6.881 -1.147
1436 72 22 0.08401 16.682 -3.413 1.147
1437 72 24 0.06456 20.748 -3.493 -1.111
1438 72 24 0.06456 20.657 -7.007 1.113
1439 72 22 0.08401 23.147 -3.554 -1.109
1440 72 22 0.08401 23.056 -7.067 1.116
1441 73 6 -0.01524 19.163 -5.211 0.0
1442 73 5 -0.03594 18.479 -6.158 -0.637
1443 73 5 -0.03594 18.527 -4.23 0.637
1444 73 5 0.02734 17.15 -6.125 -0.638
1445 73 5 0.02734 17.199 -4.196 0.638
1446 73 42 -0.26470 16.517 -5.144 0.0
1447 73 6 -0.01524 20.578 -5.247 0.001
1448 73 5 -0.03594 21.263 -4.286 -0.617
1449 73 5 -0.03594 21.212 -6.24 0.62
1450 73 5 0.02734 22.591 -4.32 -0.615
1451 73 5 0.02734 22.54 -6.274 0.622
1452 73 42 -0.26470 23.222 -5.313 0.004
1453 73 24 0.06456 18.994 -6.942 -1.147
1454 73 24 0.06456 19.081 -3.473 1.147
1455 73 22 0.08401 16.595 -6.881 -1.147
1456 73 22 0.08401 16.682 -3.413 1.147
1457 73 24 0.06456 20.748 -3.493 -1.111
1458 73 24 0.06456 20.657 -7.007 1.113
1459 73 22 0.08401 23.147 -3.554 -1.109
1460 73 22 0.08401 23.056 -7.067 1.116
1461 74 6 -0.01524 19.163 -5.211 0.0
1462 74 5 -0.03594 18.479 -6.158 -0.637
1463 74 5 -0.03594 18.527 -4.23 0.637
1464 74 5 0.02734 17.15 -6.125 -0.638
1465 74 5 0.02734 17.199 -4.196 0.638
1466 74 42 -0.26470 16.517 -5.144 0.0
1467 74 6 -0.01524 20.578 -5.247 0.001
1468 74 5 -0.03594 21.263 -4.286 -0.617
1469 74 5 -0.03594 21.212 -6.24 0.62
1470 74 5 0.02734 22.591 -4.32 -0.615
1471 74 5 0.02734 22.54 -6.274 0.622
1472 74 42 -0.26470 23.222 -5.313 0.004
1473 74 24 0.06456 18.994 -6.942 -1.147
1474 74 24 0.06456 19.081 -3.473 1.147
1475 74 22 0.08401 16.595 -6.881 -1.147
1476 74 22 0.08401 16.682 -3.413 1.147
1477 74 24 0.06456 20.748 -3.493 -1.111
1478 74 24 0.06456 20.657 -7.007 1.113
1479 74 22 0.08401 23.147 -3.554 -1.109
1480 74 22 0.08401 23.056 -7.067 1.116
1481 75 6 -0.01524 19.163 -5.211 0.0
1482 75 5 -0.03594 18.479 -6.158 -0.637
1483 75 5 -0.03594 18.527 -4.23 0.637
1484 75 5 0.02734 17.15 -6.125 -0.638
1485 75 5 0.02734 17.199 -4.196 0.638
1486 75 42 -0.26470 16.517 -5.144 0.0
1487 75 6 -0.01524 20.578 -5.247 0.001
1488 75 5 -0.03594 21.263 -4.286 -0.617
1489 75 5 -0.03594 21.212 -6.24 0.62
1490 75 5 0.02734 22.591 -4.32 -0.615
1491 75 5 0.02734 22.54 -6.274 0.622
1492 75 42 -0.26470 23.222 -5.313 0.004
1493 75 24 0.06456 18.994 -6.942 -1.147
1494 75 24 0.06456 19.081 -3.473 1.147
1495 75 22 0.08401 16.595 -6.881 -1.147
1496 75 22 0.08401 16.682 -3.413 1.147
1497 75 24 0.06456 20.748 -3.493 -1.111
1498 75 24 0.06456 20.657 -7.007 1.113
1499 75 22 0.08401 23.147 -3.554 -1.109
1500 75 22 0.08401 23.056 -7.067 1.116
1501 76 6 -0.01524 19.163 -5.211 0.0
1502 76 5 -0.03594 18.479 -6.158 -0.637
1503 76 5 -0.03594 18.527 -4.23 0.637
1504 76 5 0.02734 17.15 -6.125 -0.638
1505 76 5 0.02734 17.199 -4.196 0.638
1506 76 42 -0.26470 16.517 -5.144 0.0
1507 76 6 -0.01524 20.578 -5.247 0.001
1508 76 5 -0.03594 21.263 -4.286 -0.617
1509 76 5 -0.03594 21.212 -6.24 0.62
1510 76 5 0.02734 22.591 -4.32 -0.615
1511 76 5 0.02734 22.54 -6.274 0.622
1512 76 42 -0.26470 23.222 -5.313 0.004
1513 76 24 0.06456 18.994 -6.942 -1.147
1514 76 24 0.06456 19.081 -3.473 1.147
1515 76 22 0.08401 16.595 -6.881 -1.147
1516 76 22 0.08401 16.682 -3.413 1.147
1517 76 24 0.06456 20.748 -3.493 -1.111
1518 76 24 0.06456 20.657 -7.007 1.113
1519 76 22 0.08401 23.147 -3.554 -1.109
1520 76 22 0.08401 23.056 -7.067 1.116
1521 77 6 -0.01524 19.163 -5.211 0.0
1522 77 5 -0.03594 18.479 -6.158 -0.637
1523 77 5 -0.03594 18.527 -4.23 0.637
1524 77 5 0.02734 17.15 -6.125 -0.638
1525 77 5 0.02734 17.199 -4.196 0.638
1526 77 42 -0.26470 16.517 -5.144 0.0
1527 77 6 -0.01524 20.578 -5.247 0.001
1528 77 5 -0.03594 21.263 -4.286 -0.617
1529 77 5 -0.03594 21.212 -6.24 0.62
1530 77 5 0.02734 22.591 -4.32 -0.615
1531 77 5 0.02734 22.54 -6.274 0.622
1532 77 42 -0.26470 23.222 -5.313 0.004
1533 77 24 0.06456 18.994 -6.942 -1.147
1534 77 24 0.06456 19.081 -3.473 1.147
1535 77 22 0.08401 16.595 -6.881 -1.147
1536 77 22 0.08401 16.682 -3.413 1.147
1537 77 24 0.06456 20.748 -3.493 -1.111
1538 77 24 0.06456 20.657 -7.007 1.113
1539 77 22 0.08401 23.147 -3.554 -1.109
1540 77 22 0.08401 23.056 -7.067 1.116
1541 78 6 -0.01524 19.163 -5.211 0.0
1542 78 5 -0.03594 18.479 -6.158 -0.637
1543 78 5 -0.03594 18.527 -4.23 0.637
1544 78 5 0.02734 17.15 -6.125 -0.638
1545 78 5 0.02734 17.199 -4.196 0.638
1546 78 42 -0.26470 16.517 -5.144 0.0
1547 78 6 -0.01524 20.578 -5.247 0.001
1548 78 5 -0.03594 21.263 -4.286 -0.617
1549 78 5 -0.03594 21.212 -6.24 0.62
1550 78 5 0.02734 22.591 -4.32 -0.615
1551 78 5 0.02734 22.54 -6.274 0.622
1552 78 42 -0.26470 23.222 -5.313 0.004
1553 78 24 0.06456 18.994 -6.942 -1.147
1554 78 24 0.06456 19.081 -3.473 1.147
1555 78 22 0.08401 16.595 -6.881 -1.147
1556 78 22 0.08401 16.682 -3.413 1.147
1557 78 24 0.06456 20.748 -3.493 -1.111
1558 78 24 0.06456 20.657 -7.007 1.113
1559 78 22 0.08401 23.147 -3.554 -1.109
1560 78 22 0.08401 23.056 -7.067 1.116
1561 79 6 -0.01524 19.163 -5.211 0.0
1562 79 5 -0.03594 18.479 -6.158 -0.637
1563 79 5 -0.03594 18.527 -4.23 0.637
1564 79 5 0.02734 17.15 -6.125 -0.638
1565 79 5 0.02734 17.199 -4.196 0.638
1566 79 42 -0.26470 16.517 -5.144 0.0
1567 79 6 -0.01524 20.578 -5.247 0.001
1568 79 5 -0.03594 21.263 -4.286 -0.617
1569 79 5 -0.03594 21.212 -6.24 0.62
1570 79 5 0.02734 22.591 -4.32 -0.615
1571 79 5 0.02734 22.54 -6.274 0.622
1572 79 42 -0.26470 23.222 -5.313 0.004
1573 79 24 0.06456 18.994 -6.942 -1.147
1574 79 24 0.06456 19.081 -3.473 1.147
1575 79 22 0.08401 16.595 -6.881 -1.147
1576 79 22 0.08401 16.682 -3.413 1.147
1577 79 24 0.06456 20.748 -3.493 -1.111
1578 79 24 0.06456 20.657 -7.007 1.113
1579 79 22 0.08401 23.147 -3.554 -1.109
1580 79 22 0.08401 23.056 -7.067 1.116
1581 80 6 -0.01524 19.163 -5.211 0.0
1582 80 5 -0.03594 18.479 -6.158 -0.637
1583 80 5 -0.03594 18.527 -4.23 0.637
1584 80 5 0.02734 17.15 -6.125 -0.638
1585 80 5 0.02734 17.199 -4.196 0.638
1586 80 42 -0.26470 16.517 -5.144 0.0
1587 80 6 -0.01524 20.578 -5.247 0.001
1588 80 5 -0.03594 21.263 -4.286 -0.617
1589 80 5 -0.03594 21.212 -6.24 0.62
1590 80 5 0.02734 22.591 -4.32 -0.615
1591 80 5 0.02734 22.54 -6.274 0.622
1592 80 42 -0.26470 23.222 -5.313 0.004
1593 80 24 0.06456 18.994 -6.942 -1.147
1594 80 24 0.06456 19.081 -3.473 1.147
1595 80 22 0.08401 16.595 -6.881 -1.147
1596 80 22 0.08401 16.682 -3.413 1.147
1597 80 24 0.06456 20.748 -3.493 -1.111
1598 80 24 0.06456 20.657 -7.007 1.113
1599 80 22 0.08401 23.147 -3.554 -1.109
1600 80 22 0.08401 23.056 -7.067 1.116
1601 81 6 -0.01524 19.163 -5.211 0.0
1602 81 5 -0.03594 18.479 -6.158 -0.637
1603 81 5 -0.03594 18.527 -4.23 0.637
1604 81 5 0.02734 17.15 -6.125 -0.638
1605 81 5 0.02734 17.199 -4.196 0.638
1606 81 42 -0.26470 16.517 -5.144 0.0
1607 81 6 -0.01524 20.578 -5.247 0.001
1608 81 5 -0.03594 21.263 -4.286 -0.617
1609 81 5 -0.03594 21.212 -6.24 0.62
1610 81 5 0.02734 22.591 -4.32 -0.615
1611 81 5 0.02734 22.54 -6.274 0.622
1612 81 42 -0.26470 23.222 -5.313 0.004
1613 81 24 0.06456 18.994 -6.942 -1.147
1614 81 24 0.06456 19.081 -3.473 1.147
1615 81 22 0.08401 16.595 -6.881 -1.147
1616 81 22 0.08401 16.682 -3.413 1.147
1617 81 24 0.06456 20.748 -3.493 -1.111
1618 81 24 0.06456 20.657 -7.007 1.113
1619 81 22 0.08401 23.147 -3.554 -1.109
1620 81 22 0.08401 23.056 -7.067 1.116
1621 82 6 -0.01524 19.163 -5.211 0.0
1622 82 5 -0.03594 18.479 -6.158 -0.637
1623 82 5 -0.03594 18.527 -4.23 0.637
1624 82 5 0.02734 17.15 -6.125 -0.638
1625 82 5 0.02734 17.199 -4.196 0.638
1626 82 42 -0.26470 16.517 -5.144 0.0
1627 82 6 -0.01524 20.578 -5.247 0.001
1628 82 5 -0.03594 21.263 -4.286 -0.617
1629 82 5 -0.03594 21.212 -6.24 0.62
1630 82 5 0.02734 22.591 -4.32 -0.615
1631 82 5 0.02734 22.54 -6.274 0.622
1632 82 42 -0.26470 23.222 -5.313 0.004
1633 82 24 0.06456 18.994 -6.942 -1.147
1634 82 24 0.06456 19.081 -3.473 1.147
1635 82 22 0.08401 16.595 -6.881 -1.147
1636 82 22 0.08401 16.682 -3.413 1.147
1637 82 24 0.06456 20.748 -3.493 -1.111
1638 82 24 0.06456 20.657 -7.007 1.113
1639 82 22 0.08401 23.147 -3.554 -1.109
1640 82 22 0.08401 23.056 -7.067 1.116
1641 83 6 -0.01524 19.163 -5.211 0.0
1642 83 5 -0.03594 18.479 -6.158 -0.637
1643 83 5 -0.03594 18.527 -4.23 0.637
1644 83 5 0.02734 17.15 -6.125 -0.638
1645 83 5 0.02734 17.199 -4.196 0.638
1646 83 42 -0.26470 16.517 -5.144 0.0
1647 83 6 -0.01524 20.578 -5.247 0.001
1648 83 5 -0.03594 21.263 -4.286 -0.617
1649 83 5 -0.03594 21.212 -6.24 0.62
1650 83 5 0.02734 22.591 -4.32 -0.615
1651 83 5 0.02734 22.54 -6.274 0.622
1652 83 42 -0.26470 23.222 -5.313 0.004
1653 83 24 0.06456 18.994 -6.942 -1.147
1654 83 24 0.06456 19.081 -3.473 1.147
1655 83 22 0.08401 16.595 -6.881 -1.147
1656 83 22 0.08401 16.682 -3.413 1.147
1657 83 24 0.06456 20.748 -3.493 -1.111
1658 83 24 0.06456 20.657 -7.007 1.113
1659 83 22 0.08401 23.147 -3.554 -1.109
1660 83 22 0.08401 23.056 -7.067 1.116
1661 84 6 -0.01524 19.163 -5.211 0.0
1662 84 5 -0.03594 18.479 -6.158 -0.637
1663 84 5 -0.03594 18.527 -4.23 0.637
1664 84 5 0.02734 17.15 -6.125 -0.638
1665 84 5 0.02734 17.199 -4.196 0.638
1666 84 42 -0.26470 16.517 -5.144 0.0
1667 84 6 -0.01524 20.578 -5.247 0.001
1668 84 5 -0.03594 21.263 -4.286 -0.617
1669 84 5 -0.03594 21.212 -6.24 0.62
1670 84 5 0.02734 22.591 -4.32 -0.615
1671 84 5 0.02734 22.54 -6.274 0.622
1672 84 42 -0.26470 23.222 -5.313 0.004
1673 84 24 0.06456 18.994 -6.942 -1.147
1674 84 24 0.06456 19.081 -3.473 1.147
1675 84 22 0.08401 16.595 -6.881 -1.147
1676 84 22 0.08401 16.682 -3.413 1.147
1677 84 24 0.06456 20.748 -3.493 -1.111
1678 84 24 0.06456 20.657 -7.007 1.113
1679 84 22 0.08401 23.147 -3.554 -1.109
1680 84 22 0.08401 23.056 -7.067 1.116
1681 85 6 -0.01524 19.163 -5.211 0.0
1682 85 5 -0.03594 18.479 -6.158 -0.637
1683 85 5 -0.03594 18.527 -4.23 0.637
1684 85 5 0.02734 17.15 -6.125 -0.638
1685 85 5 0.02734 17.199 -4.196 0.638
1686 85 42 -0.26470 16.517 -5.144 0.0
1687 85 6 -0.01524 20.578 -5.247 0.001
1688 85 5 -0.03594 21.263 -4.286 -0.617
1689 85 5 -0.03594 21.212 -6.24 0.62
1690 85 5 0.02734 22.591 -4.32 -0.615
1691 85 5 0.02734 22.54 -6.274 0.622
1692 85 42 -0.26470 23.222 -5.313 0.004
1693 85 24 0.06456 18.994 -6.942 -1.147
1694 85 24 0.06456 19.081 -3.473 1.147
1695 85 22 0.08401 16.595 -6.881 -1.147
1696 85 22 0.08401 16.682 -3.413 1.147
1697 85 24 0.06456 20.748 -3.493 -1.111
1698 85 24 0.06456 20.657 -7.007 1.113
1699 85 22 0.08401 23.147 -3.554 -1.109
1700 85 22 0.08401 23.056 -7.067 1.116
1701 86 6 -0.01524 19.163 -5.211 0.0
1702 86 5 -0.03594 18.479 -6.158 -0.637
1703 86 5 -0.03594 18.527 -4.23 0.637
1704 86 5 0.02734 17.15 -6.125 -0.638
1705 86 5 0.02734 17.199 -4.196 0.638
1706 86 42 -0.26470 16.517 -5.144 0.0
1707 86 6 -0.01524 20.578 -5.247 0.001
1708 86 5 -0.03594 21.263 -4.286 -0.617
1709 86 5 -0.03594 21.212 -6.24 0.62
1710 86 5 0.02734 22.591 -4.32 -0.615
1711 86 5 0.02734 22.54 -6.274 0.622
1712 86 42 -0.26470 23.222 -5.313 0.004
1713 86 24 0.06456 18.994 -6.942 -1.147
1714 86 24 0.06456 19.081 -3.473 1.147
1715 86 22 0.08401 16.595 -6.881 -1.147
1716 86 22 0.08401 16.682 -3.413 1.147
1717 86 24 0.06456 20.748 -3.493 -1.111
1718 86 24 0.06456 20.657 -7.007 1.113
1719 86 22 0.08401 23.147 -3.554 -1.109
1720 86 22 0.08401 23.056 -7.067 1.116
1721 87 6 -0.01524 19.163 -5.211 0.0
1722 87 5 -0.03594 18.479 -6.158 -0.637
1723 87 5 -0.03594 18.527 -4.23 0.637
1724 87 5 0.02734 17.15 -6.125 -0.638
1725 87 5 0.02734 17.199 -4.196 0.638
1726 87 42 -0.26470 16.517 -5.144 0.0
1727 87 6 -0.01524 20.578 -5.247 0.001
1728 87 5 -0.03594 21.263 -4.286 -0.617
1729 87 5 -0.03594 21.212 -6.24 0.62
1730 87 5 0.02734 22.591 -4.32 -0.615
1731 87 5 0.02734 22.54 -6.274 0.622
1732 87 42 -0.26470 23.222 -5.313 0.004
1733 87 24 0.06456 18.994 -6.942 -1.147
1734 87 24 0.06456 19.081 -3.473 1.147
1735 87 22 0.08401 16.595 -6.881 -1.147
1736 87 22 0.08401 16.682 -3.413 1.147
1737 87 24 0.06456 20.748 -3.493 -1.111
1738 87 24 0.06456 20.657 -7.007 1.113
1739 87 22 0.08401 23.147 -3.554 -1.109
1740 87 22 0.08401 23.056 -7.067 1.116
1741 88 6 -0.01524 19.163 -5.211 0.0
1742 88 5 -0.03594 18.479 -6.158 -0.637
1743 88 5 -0.03594 18.527 -4.23 0.637
1744 88 5 0.02734 17.15 -6.125 -0.638
1745 88 5 0.02734 17.199 -4.196 0.638
1746 88 42 -0.26470 16.517 -5.144 0.0
1747 88 6 -0.01524 20.578 -5.247 0.001
1748 88 5 -0.03594 21.263 -4.286 -0.617
1749 88 5 -0.03594 21.212 -6.24 0.62
1750 88 5 0.02734 22.591 -4.32 -0.615
1751 88 5 0.02734 22.54 -6.274 0.622
1752 88 42 -0.26470 23.222 -5.313 0.004
1753 88 24 0.06456 18.994 -6.942 -1.147
1754 88 24 0.06456 19.081 -3.473 1.147
1755 88 22 0.08401 16.595 -6.881 -1.147
1756 88 22 0.08401 16.682 -3.413 1.147
1757 88 24 0.06456 20.748 -3.493 -1.111
1758 88 24 0.06456 20.657 -7.007 1.113
1759 88 22 0.08401 23.147 -3.554 -1.109
1760 88 22 0.08401 23.056 -7.067 1.116
1761 89 6 -0.01524 19.163 -5.211 0.0
1762 89 5 -0.03594 18.479 -6.158 -0.637
1763 89 5 -0.03594 18.527 -4.23 0.637
1764 89 5 0.02734 17.15 -6.125 -0.638
1765 89 5 0.02734 17.199 -4.196 0.638
1766 89 42 -0.26470 16.517 -5.144 0.0
1767 89 6 -0.01524 20.578 -5.247 0.001
1768 89 5 -0.03594 21.263 -4.286 -0.617
1769 89 5 -0.03594 21.212 -6.24 0.62
1770 89 5 0.02734 22.591 -4.32 -0.615
1771 89 5 0.02734 22.54 -6.274 0.622
1772 89 42 -0.26470 23.222 -5.313 0.004
1773 89 24 0.06456 18.994 -6.942 -1.147
1774 89 24 0.06456 19.081 -3.473 1.147
1775 89 22 0.08401 16.595 -6.881 -1.147
1776 89 22 0.08401 16.682 -3.413 1.147
1777 89 24 0.06456 20.748 -3.493 -1.111
1778 89 24 0.06456 20.657 -7.007 1.113
1779 89 22 0.08401 23.147 -3.554 -1.109
1780 89 22 0.08401 23.056 -7.067 1.116
1781 90 6 -0.01524 19.163 -5.211 0.0
1782 90 5 -0.03594 18.479 -6.158 -0.637
1783 90 5 -0.03594 18.527 -4.23 0.637
1784 90 5 0.02734 17.15 -6.125 -0.638
1785 90 5 0.02734 17.199 -4.196 0.638
1786 90 42 -0.26470 16.517 -5.144 0.0
1787 90 6 -0.01524 20.578 -5.247 0.001
1788 90 5 -0.03594 21.263 -4.286 -0.617
1789 90 5 -0.03594 21.212 -6.24 0.62
1790 90 5 0.02734 22.591 -4.32 -0.615
1791 90 5 0.02734 22.54 -6.274 0.622
1792 90 42 -0.26470 23.222 -5.313 0.004
1793 90 24 0.06456 18.994 -6.942 -1.147
1794 90 24 0.06456 19.081 -3.473 1.147
1795 90 22 0.08401 16.595 -6.881 -1.147
1796 90 22 0.08401 16.682 -3.413 1.147
1797 90 24 0.06456 20.748 -3.493 -1.111
1798 90 24 0.06456 20.657 -7.007 1.113
1799 90 22 0.08401 23.147 -3.554 -1.109
1800 90 22 0.08401 23.056 -7.067 1.116
1801 91 6 -0.01524 19.163 -5.211 0.0
1802 91 5 -0.03594 18.479 -6.158 -0.637
1803 91 5 -0.03594 18.527 -4.23 0.637
1804 91 5 0.02734 17.15 -6.125 -0.638
1805 91 5 0.02734 17.199 -4.196 0.638
1806 91 42 -0.26470 16.517 -5.144 0.0
1807 91 6 -0.01524 20.578 -5.247 0.001
1808 91 5 -0.03594 21.263 -4.286 -0.617
1809 91 5 -0.03594 21.212 -6.24 0.62
1810 91 5 0.02734 22.591 -4.32 -0.615
1811 91 5 0.02734 22.54 -6.274 0.622
1812 91 42 -0.26470 23.222 -5.313 0.004
1813 91 24 0.06456 18.994 -6.942 -1.147
1814 91 24 0.06456 19.081 -3.473 1.147
1815 91 22 0.08401 16.595 -6.881 -1.147
1816 91 22 0.08401 16.682 -3.413 1.147
1817 91 24 0.06456 20.748 -3.493 -1.111
1818 91 24 0.06456 20.657 -7.007 1.113
1819 91 22 0.08401 23.147 -3.554 -1.109
1820 91 22 0.08401 23.056 -7.067 1.116
1821 92 6 -0.01524 19.163 -5.211 0.0
1822 92 5 -0.03594 18.479 -6.158 -0.637
1823 92 5 -0.03594 18.527 -4.23 0.637
1824 92 5 0.02734 17.15 -6.125 -0.638
1825 92 5 0.02734 17.199 -4.196 0.638
1826 92 42 -0.26470 16.517 -5.144 0.0
1827 92 6 -0.01524 20.578 -5.247 0.001
1828 92 5 -0.03594 21.263 -4.286 -0.617
1829 92 5 -0.03594 21.212 -6.24 0.62
1830 92 5 0.02734 22.591 -4.32 -0.615
1831 92 5 0.02734 22.54 -6.274 0.622
1832 92 42 -0.26470 23.222 -5.313 0.004
1833 92 24 0.06456 18.994 -6.942 -1.147
1834 92 24 0.06456 19.081 -3.473 1.147
1835 92 22 0.08401 16.595 -6.881 -1.147
1836 92 22 0.08401 16.682 -3.413 1.147
1837 92 24 0.06456 20.748 -3.493 -1.111
1838 92 24 0.06456 20.657 -7.007 1.113
1839 92 22 0.08401 23.147 -3.554 -1.109
1840 92 22 0.08401 23.056 -7.067 1.116
1841 93 6 -0.01524 19.163 -5.211 0.0
1842 93 5 -0.03594 18.479 -6.158 -0.637
1843 93 5 -0.03594 18.527 -4.23 0.637
1844 93 5 0.02734 17.15 -6.125 -0.638
1845 93 5 0.02734 17.199 -4.196 0.638
1846 93 42 -0.26470 16.517 -5.144 0.0
1847 93 6 -0.01524 20.578 -5.247 0.001
1848 93 5 -0.03594 21.263 -4.286 -0.617
1849 93 5 -0.03594 21.212 -6.24 0.62
1850 93 5 0.02734 22.591 -4.32 -0.615
1851 93 5 0.02734 22.54 -6.274 0.622
1852 93 42 -0.26470 23.222 -5.313 0.004
1853 93 24 0.06456 18.994 -6.942 -1.147
1854 93 24 0.06456 19.081 -3.473 1.147
1855 93 22 0.08401 16.595 -6.881 -1.147
1856 93 22 0.08401 16.682 -3.413 1.147
1857 93 24 0.06456 20.748 -3.493 -1.111
1858 93 24 0.06456 20.657 -7.007 1.113
1859 93 22 0.08401 23.147 -3.554 -1.109
1860 93 22 0.08401 23.056 -7.067 1.116
1861 94 6 -0.01524 19.163 -5.211 0.0
1862 94 5 -0.03594 18.479 -6.158 -0.637
1863 94 5 -0.03594 18.527 -4.23 0.637
1864 94 5 0.02734 17.15 -6.125 -0.638
1865 94 5 0.02734 17.199 -4.196 0.638
1866 94 42 -0.26470 16.517 -5.144 0.0
1867 94 6 -0.01524 20.578 -5.247 0.001
1868 94 5 -0.03594 21.263 -4.286 -0.617
1869 94 5 -0.03594 21.212 -6.24 0.62
1870 94 5 0.02734 22.591 -4.32 -0.615
1871 94 5 0.02734 22.54 -6.274 0.622
1872 94 42 -0.26470 23.222 -5.313 0.004
1873 94 24 0.06456 18.994 -6.942 -1.147
1874 94 24 0.06456 19.081 -3.473 1.147
1875 94 22 0.08401 16.595 -6.881 -1.147
1876 94 22 0.08401 16.682 -3.413 1.147
1877 94 24 0.06456 20.748 -3.493 -1.111
1878 94 24 0.06456 20.657 -7.007 1.113
1879 94 22 0.08401 23.147 -3.554 -1.109
1880 94 22 0.08401 23.056 -7.067 1.116
1881 95 6 -0.01524 19.163 -5.211 0.0
1882 95 5 -0.03594 18.479 -6.158 -0.637
1883 95 5 -0.03594 18.527 -4.23 0.637
1884 95 5 0.02734 17.15 -6.125 -0.638
1885 95 5 0.02734 17.199 -4.196 0.638
1886 95 42 -0.26470 16.517 -5.144 0.0
1887 95 6 -0.01524 20.578 -5.247 0.001
1888 95 5 -0.03594 21.263 -4.286 -0.617
1889 95 5 -0.03594 21.212 -6.24 0.62
1890 95 5 0.02734 22.591 -4.32 -0.615
1891 95 5 0.02734 22.54 -6.274 0.622
1892 95 42 -0.26470 23.222 -5.313 0.004
1893 95 24 0.06456 18.994 -6.942 -1.147
1894 95 24 0.06456 19.081 -3.473 1.147
1895 95 22 0.08401 16.595 -6.881 -1.147
1896 95 22 0.08401 16.682 -3.413 1.147
1897 95 24 0.06456 20.748 -3.493 -1.111
1898 95 24 0.06456 20.657 -7.007 1.113
1899 95 22 0.08401 23.147 -3.554 -1.109
1900 95 22 0.08401 23.056 -7.067 1.116
1901 96 6 -0.01524 19.163 -5.211 0.0
1902 96 5 -0.03594 18.479 -6.158 -0.637
1903 96 5 -0.03594 18.527 -4.23 0.637
1904 96 5 0.02734 17.15 -6.125 -0.638
1905 96 5 0.02734 17.199 -4.196 0.638
1906 96 42 -0.26470 16.517 -5.144 0.0
1907 96 6 -0.01524 20.578 -5.247 0.001
1908 96 5 -0.03594 21.263 -4.286 -0.617
1909 96 5 -0.03594 21.212 -6.24 0.62
1910 96 5 0.02734 22.591 -4.32 -0.615
1911 96 5 0.02734 22.54 -6.274 0.622
1912 96 42 -0.26470 23.222 -5.313 0.004
1913 96 24 0.06456 18.994 -6.942 -1.147
1914 96 24 0.06456 19.081 -3.473 1.147
1915 96 22 0.08401 16.595 -6.881 -1.147
1916 96 22 0.08401 16.682 -3.413 1.147
1917 96 24 0.06456 20.748 -3.493 -1.111
1918 96 24 0.06456 20.657 -7.007 1.113
1919 96 22 0.08401 23.147 -3.554 -1.109
1920 96 22 0.08401 23.056 -7.067 1.116
1921 97 6 -0.01524 19.163 -5.211 0.0
1922 97 5 -0.03594 18.479 -6.158 -0.637
1923 97 5 -0.03594 18.527 -4.23 0.637
1924 97 5 0.02734 17.15 -6.125 -0.638
1925 97 5 0.02734 17.199 -4.196 0.638
1926 97 42 -0.26470 16.517 -5.144 0.0
1927 97 6 -0.01524 20.578 -5.247 0.001
1928 97 5 -0.03594 21.263 -4.286 -0.617
1929 97 5 -0.03594 21.212 -6.24 0.62
1930 97 5 0.02734 22.591 -4.32 -0.615
1931 97 5 0.02734 22.54 -6.274 0.622
1932 97 42 -0.26470 23.222 -5.313 0.004
1933 97 24 0.06456 18.994 -6.942 -1.147
1934 97 24 0.06456 19.081 -3.473 1.147
1935 97 22 0.08401 16.595 -6.881 -1.147
1936 97 22 0.08401 16.682 -3.413 1.147
1937 97 24 0.06456 20.748 -3.493 -1.111
1938 97 24 0.06456 20.657 -7.007 1.113
1939 97 22 0.08401 23.147 -3.554 -1.109
1940 97 22 0.08401 23.056 -7.067 1.116
1941 98 6 -0.01524 19.163 -5.211 0.0
1942 98 5 -0.03594 18.479 -6.158 -0.637
1943 98 5 -0.03594 18.527 -4.23 0.637
1944 98 5 0.02734 17.15 -6.125 -0.638
1945 98 5 0.02734 17.199 -4.196 0.638
1946 98 42 -0.26470 16.517 -5.144 0.0
1947 98 6 -0.01524 20.578 -5.247 0.001
1948 98 5 -0.03594 21.263 -4.286 -0.617
1949 98 5 -0.03594 21.212 -6.24 0.62
1950 98 5 0.02734 22.591 -4.32 -0.615
1951 98 5 0.02734 22.54 -6.274 0.622
1952 98 42 -0.26470 23.222 -5.313 0.004
1953 98 24 0.06456 18.994 -6.942 -1.147
1954 98 24 0.06456 19.081 -3.473 1.147
1955 98 22 0.08401 16.595 -6.881 -1.147
1956 98 22 0.08401 16.682 -3.413 1.147
1957 98 24 0.06456 20.748 -3.493 -1.111
1958 98 24 0.06456 20.657 -7.007 1.113
1959 98 22 0.08401 23.147 -3.554 -1.109
1960 98 22 0.08401 23.056 -7.067 1.116
1961 99 6 -0.01524 19.163 -5.211 0.0
1962 99 5 -0.03594 18.479 -6.158 -0.637
1963 99 5 -0.03594 18.527 -4.23 0.637
1964 99 5 0.02734 17.15 -6.125 -0.638
1965 99 5 0.02734 17.199 -4.196 0.638
1966 99 42 -0.26470 16.517 -5.144 0.0
1967 99 6 -0.01524 20.578 -5.247 0.001
1968 99 5 -0.03594 21.263 -4.286 -0.617
1969 99 5 -0.03594 21.212 -6.24 0.62
1970 99 5 0.02734 22.591 -4.32 -0.615
1971 99 5 0.02734 22.54 -6.274 0.622
1972 99 42 -0.26470 23.222 -5.313 0.004
1973 99 24 0.06456 18.994 -6.942 -1.147
1974 99 24 0.06456 19.081 -3.473 1.147
1975 99 22 0.08401 16.595 -6.881 -1.147
1976 99 22 0.08401 16.682 -3.413 1.147
1977 99 24 0.06456 20.748 -3.493 -1.111
1978 99 24 0.06456 20.657 -7.007 1.113
1979 99 22 0.08401 23.147 -3.554 -1.109
1980 99 22 0.08401 23.056 -7.067 1.116
1981 100 6 -0.01524 19.163 -5.211 0.0
1982 100 5 -0.03594 18.479 -6.158 -0.637
1983 100 5 -0.03594 18.527 -4.23 0.637
1984 100 5 0.02734 17.15 -6.125 -0.638
1985 100 5 0.02734 17.199 -4.196 0.638
1986 100 42 -0.26470 16.517 -5.144 0.0
1987 100 6 -0.01524 20.578 -5.247 0.001
1988 100 5 -0.03594 21.263 -4.286 -0.617
1989 100 5 -0.03594 21.212 -6.24 0.62
1990 100 5 0.02734 22.591 -4.32 -0.615
1991 100 5 0.02734 22.54 -6.274 0.622
1992 100 42 -0.26470 23.222 -5.313 0.004
1993 100 24 0.06456 18.994 -6.942 -1.147
1994 100 24 0.06456 19.081 -3.473 1.147
1995 100 22 0.08401 16.595 -6.881 -1.147
1996 100 22 0.08401 16.682 -3.413 1.147
1997 100 24 0.06456 20.748 -3.493 -1.111
1998 100 24 0.06456 20.657 -7.007 1.113
1999 100 22 0.08401 23.147 -3.554 -1.109
2000 100 22 0.08401 23.056 -7.067 1.116
2001 101 6 -0.01524 19.163 -5.211 0.0
2002 101 5 -0.03594 18.479 -6.158 -0.637
2003 101 5 -0.03594 18.527 -4.23 0.637
2004 101 5 0.02734 17.15 -6.125 -0.638
2005 101 5 0.02734 17.199 -4.196 0.638
2006 101 42 -0.26470 16.517 -5.144 0.0
2007 101 6 -0.01524 20.578 -5.247 0.001
2008 101 5 -0.03594 21.263 -4.286 -0.617
2009 101 5 -0.03594 21.212 -6.24 0.62
2010 101 5 0.02734 22.591 -4.32 -0.615
2011 101 5 0.02734 22.54 -6.274 0.622
2012 101 42 -0.26470 23.222 -5.313 0.004
2013 101 24 0.06456 18.994 -6.942 -1.147
2014 101 24 0.06456 19.081 -3.473 1.147
2015 101 22 0.08401 16.595 -6.881 -1.147
2016 101 22 0.08401 16.682 -3.413 1.147
2017 101 24 0.06456 20.748 -3.493 -1.111
2018 101 24 0.06456 20.657 -7.007 1.113
2019 101 22 0.08401 23.147 -3.554 -1.109
2020 101 22 0.08401 23.056 -7.067 1.116
2021 102 6 -0.01524 19.163 -5.211 0.0
2022 102 5 -0.03594 18.479 -6.158 -0.637
2023 102 5 -0.03594 18.527 -4.23 0.637
2024 102 5 0.02734 17.15 -6.125 -0.638
2025 102 5 0.02734 17.199 -4.196 0.638
2026 102 42 -0.26470 16.517 -5.144 0.0
2027 102 6 -0.01524 20.578 -5.247 0.001
2028 102 5 -0.03594 21.263 -4.286 -0.617
2029 102 5 -0.03594 21.212 -6.24 0.62
2030 102 5 0.02734 22.591 -4.32 -0.615
2031 102 5 0.02734 22.54 -6.274 0.622
2032 102 42 -0.26470 23.222 -5.313 0.004
2033 102 24 0.06456 18.994 -6.942 -1.147
2034 102 24 0.06456 19.081 -3.473 1.147
2035 102 22 0.08401 16.595 -6.881 -1.147
2036 102 22 0.08401 16.682 -3.413 1.147
2037 102 24 0.06456 20.748 -3.493 -1.111
2038 102 24 0.06456 20.657 -7.007 1.113
2039 102 22 0.08401 23.147 -3.554 -1.109
2040 102 22 0.08401 23.056 -7.067 1.116
2041 103 6 -0.01524 19.163 -5.211 0.0
2042 103 5 -0.03594 18.479 -6.158 -0.637
2043 103 5 -0.03594 18.527 -4.23 0.637
2044 103 5 0.02734 17.15 -6.125 -0.638
2045 103 5 0.02734 17.199 -4.196 0.638
2046 103 42 -0.26470 16.517 -5.144 0.0
2047 103 6 -0.01524 20.578 -5.247 0.001
2048 103 5 -0.03594 21.263 -4.286 -0.617
2049 103 5 -0.03594 21.212 -6.24 0.62
2050 103 5 0.02734 22.591 -4.32 -0.615
2051 103 5 0.02734 22.54 -6.274 0.622
2052 103 42 -0.26470 23.222 -5.313 0.004
2053 103 24 0.06456 18.994 -6.942 -1.147
2054 103 24 0.06456 19.081 -3.473 1.147
2055 103 22 0.08401 16.595 -6.881 -1.147
2056 103 22 0.08401 16.682 -3.413 1.147
2057 103 24 0.06456 20.748 -3.493 -1.111
2058 103 24 0.06456 20.657 -7.007 1.113
2059 103 22 0.08401 23.147 -3.554 -1.109
2060 103 22 0.08401 23.056 -7.067 1.116
2061 104 6 -0.01524 19.163 -5.211 0.0
2062 104 5 -0.03594 18.479 -6.158 -0.637
2063 104 5 -0.03594 18.527 -4.23 0.637
2064 104 5 0.02734 17.15 -6.125 -0.638
2065 104 5 0.02734 17.199 -4.196 0.638
2066 104 42 -0.26470 16.517 -5.144 0.0
2067 104 6 -0.01524 20.578 -5.247 0.001
2068 104 5 -0.03594 21.263 -4.286 -0.617
2069 104 5 -0.03594 21.212 -6.24 0.62
2070 104 5 0.02734 22.591 -4.32 -0.615
2071 104 5 0.02734 22.54 -6.274 0.622
2072 104 42 -0.26470 23.222 -5.313 0.004
2073 104 24 0.06456 18.994 -6.942 -1.147
2074 104 24 0.06456 19.081 -3.473 1.147
2075 104 22 0.08401 16.595 -6.881 -1.147
2076 104 22 0.08401 16.682 -3.413 1.147
2077 104 24 0.06456 20.748 -3.493 -1.111
2078 104 24 0.06456 20.657 -7.007 1.113
2079 104 22 0.08401 23.147 -3.554 -1.109
2080 104 22 0.08401 23.056 -7.067 1.116
2081 105 6 -0.01524 19.163 -5.211 0.0
2082 105 5 -0.03594 18.479 -6.158 -0.637
2083 105 5 -0.03594 18.527 -4.23 0.637
2084 105 5 0.02734 17.15 -6.125 -0.638
2085 105 5 0.02734 17.199 -4.196 0.638
2086 105 42 -0.26470 16.517 -5.144 0.0
2087 105 6 -0.01524 20.578 -5.247 0.001
2088 105 5 -0.03594 21.263 -4.286 -0.617
2089 105 5 -0.03594 21.212 -6.24 0.62
2090 105 5 0.02734 22.591 -4.32 -0.615
2091 105 5 0.02734 22.54 -6.274 0.622
2092 105 42 -0.26470 23.222 -5.313 0.004
2093 105 24 0.06456 18.994 -6.942 -1.147
2094 105 24 0.06456 19.081 -3.473 1.147
2095 105 22 0.08401 16.595 -6.881 -1.147
2096 105 22 0.08401 16.682 -3.413 1.147
2097 105 24 0.06456 20.748 -3.493 -1.111
2098 105 24 0.06456 20.657 -7.007 1.113
2099 105 22 0.08401 23.147 -3.554 -1.109
2100 105 22 0.08401 23.056 -7.067 1.116
2101 106 6 -0.01524 19.163 -5.211 0.0
2102 106 5 -0.03594 18.479 -6.158 -0.637
2103 106 5 -0.03594 18.527 -4.23 0.637
2104 106 5 0.02734 17.15 -6.125 -0.638
2105 106 5 0.02734 17.199 -4.196 0.638
2106 106 42 -0.26470 16.517 -5.144 0.0
2107 106 6 -0.01524 20.578 -5.247 0.001
2108 106 5 -0.03594 21.263 -4.286 -0.617
2109 106 5 -0.03594 21.212 -6.24 0.62
2110 106 5 0.02734 22.591 -4.32 -0.615
2111 106 5 0.02734 22.54 -6.274 0.622
2112 106 42 -0.26470 23.222 -5.313 0.004
2113 106 24 0.06456 18.994 -6.942 -1.147
2114 106 24 0.06456 19.081 -3.473 1.147
2115 106 22 0.08401 16.595 -6.881 -1.147
2116 106 22 0.08401 16.682 -3.413 1.147
2117 106 24 0.06456 20.748 -3.493 -1.111
2118 106 24 0.06456 20.657 -7.007 1.113
2119 106 22 0.08401 23.147 -3.554 -1.109
2120 106 22 0.08401 23.056 -7.067 1.116
2121 107 6 -0.01524 19.163 -5.211 0.0
2122 107 5 -0.03594 18.479 -6.158 -0.637
2123 107 5 -0.03594 18.527 -4.23 0.637
2124 107 5 0.02734 17.15 -6.125 -0.638
2125 107 5 0.02734 17.199 -4.196 0.638
2126 107 42 -0.26470 16.517 -5.144 0.0
2127 107 6 -0.01524 20.578 -5.247 0.001
2128 107 5 -0.03594 21.263 -4.286 -0.617
2129 107 5 -0.03594 21.212 -6.24 0.62
2130 107 5 0.02734 22.591 -4.32 -0.615
2131 107 5 0.02734 22.54 -6.274 0.622
2132 107 42 -0.26470 23.222 -5.313 0.004
2133 107 24 0.06456 18.994 -6.942 -1.147
2134 107 24 0.06456 19.081 -3.473 1.147
2135 107 22 0.08401 16.595 -6.881 -1.147
2136 107 22 0.08401 16.682 -3.413 1.147
2137 107 24 0.06456 20.748 -3.493 -1.111
2138 107 24 0.06456 20.657 -7.007 1.113
2139 107 22 0.08401 23.147 -3.554 -1.109
2140 107 22 0.08401 23.056 -7.067 1.116
2141 108 6 -0.01524 19.163 -5.211 0.0
2142 108 5 -0.03594 18.479 -6.158 -0.637
2143 108 5 -0.03594 18.527 -4.23 0.637
2144 108 5 0.02734 17.15 -6.125 -0.638
2145 108 5 0.02734 17.199 -4.196 0.638
2146 108 42 -0.26470 16.517 -5.144 0.0
2147 108 6 -0.01524 20.578 -5.247 0.001
2148 108 5 -0.03594 21.263 -4.286 -0.617
2149 108 5 -0.03594 21.212 -6.24 0.62
2150 108 5 0.02734 22.591 -4.32 -0.615
2151 108 5 0.02734 22.54 -6.274 0.622
2152 108 42 -0.26470 23.222 -5.313 0.004
2153 108 24 0.06456 18.994 -6.942 -1.147
2154 108 24 0.06456 19.081 -3.473 1.147
2155 108 22 0.08401 16.595 -6.881 -1.147
2156 108 22 0.08401 16.682 -3.413 1.147
2157 108 24 0.06456 20.748 -3.493 -1.111
2158 108 24 0.06456 20.657 -7.007 1.113
2159 108 22 0.08401 23.147 -3.554 -1.109
2160 108 22 0.08401 23.056 -7.067 1.116
2161 109 6 -0.01524 19.163 -5.211 0.0
2162 109 5 -0.03594 18.479 -6.158 -0.637
2163 109 5 -0.03594 18.527 -4.23 0.637
2164 109 5 0.02734 17.15 -6.125 -0.638
2165 109 5 0.02734 17.199 -4.196 0.638
2166 109 42 -0.26470 16.517 -5.144 0.0
2167 109 6 -0.01524 20.578 -5.247 0.001
2168 109 5 -0.03594 21.263 -4.286 -0.617
2169 109 5 -0.03594 21.212 -6.24 0.62
2170 109 5 0.02734 22.591 -4.32 -0.615
2171 109 5 0.02734 22.54 -6.274 0.622
2172 109 42 -0.26470 23.222 -5.313 0.004
2173 109 24 0.06456 18.994 -6.942 -1.147
2174 109 24 0.06456 19.081 -3.473 1.147
2175 109 22 0.08401 16.595 -6.881 -1.147
2176 109 22 0.08401 16.682 -3.413 1.147
2177 109 24 0.06456 20.748 -3.493 -1.111
2178 109 24 0.06456 20.657 -7.007 1.113
2179 109 22 0.08401 23.147 -3.554 -1.109
2180 109 22 0.08401 23.056 -7.067 1.116
2181 110 6 -0.01524 19.163 -5.211 0.0
2182 110 5 -0.03594 18.479 -6.158 -0.637
2183 110 5 -0.03594 18.527 -4.23 0.637
2184 110 5 0.02734 17.15 -6.125 -0.638
2185 110 5 0.02734 17.199 -4.196 0.638
2186 110 42 -0.26470 16.517 -5.144 0.0
2187 110 6 -0.01524 20.578 -5.247 0.001
2188 110 5 -0.03594 21.263 -4.286 -0.617
2189 110 5 -0.03594 21.212 -6.24 0.62
2190 110 5 0.02734 22.591 -4.32 -0.615
2191 110 5 0.02734 22.54 -6.274 0.622
2192 110 42 -0.26470 23.222 -5.313 0.004
2193 110 24 0.06456 18.994 -6.942 -1.147
2194 110 24 0.06456 19.081 -3.473 1.147
2195 110 22 0.08401 16.595 -6.881 -1.147
2196 110 22 0.08401 16.682 -3.413 1.147
2197 110 24 0.06456 20.748 -3.493 -1.111
2198 110 24 0.06456 20.657 -7.007 1.113
2199 110 22 0.08401 23.147 -3.554 -1.109
2200 110 22 0.08401 23.056 -7.067 1.116
2201 111 6 -0.01524 19.163 -5.211 0.0
2202 111 5 -0.03594 18.479 -6.158 -0.637
2203 111 5 -0.03594 18.527 -4.23 0.637
2204 111 5 0.02734 17.15 -6.125 -0.638
2205 111 5 0.02734 17.199 -4.196 0.638
2206 111 42 -0.26470 16.517 -5.144 0.0
2207 111 6 -0.01524 20.578 -5.247 0.001
2208 111 5 -0.03594 21.263 -4.286 -0.617
2209 111 5 -0.03594 21.212 -6.24 0.62
2210 111 5 0.02734 22.591 -4.32 -0.615
2211 111 5 0.02734 22.54 -6.274 0.622
2212 111 42 -0.26470 23.222 -5.313 0.004
2213 111 24 0.06456 18.994 -6.942 -1.147
2214 111 24 0.06456 19.081 -3.473 1.147
2215 111 22 0.08401 16.595 -6.881 -1.147
2216 111 22 0.08401 16.682 -3.413 1.147
2217 111 24 0.06456 20.748 -3.493 -1.111
2218 111 24 0.06456 20.657 -7.007 1.113
2219 111 22 0.08401 23.147 -3.554 -1.109
2220 111 22 0.08401 23.056 -7.067 1.116
2221 112 6 -0.01524 19.163 -5.211 0.0
2222 112 5 -0.03594 18.479 -6.158 -0.637
2223 112 5 -0.03594 18.527 -4.23 0.637
2224 112 5 0.02734 17.15 -6.125 -0.638
2225 112 5 0.02734 17.199 -4.196 0.638
2226 112 42 -0.26470 16.517 -5.144 0.0
2227 112 6 -0.01524 20.578 -5.247 0.001
2228 112 5 -0.03594 21.263 -4.286 -0.617
2229 112 5 -0.03594 21.212 -6.24 0.62
2230 112 5 0.02734 22.591 -4.32 -0.615
2231 112 5 0.02734 22.54 -6.274 0.622
2232 112 42 -0.26470 23.222 -5.313 0.004
2233 112 24 0.06456 18.994 -6.942 -1.147
2234 112 24 0.06456 19.081 -3.473 1.147
2235 112 22 0.08401 16.595 -6.881 -1.147
2236 112 22 0.08401 16.682 -3.413 1.147
2237 112 24 0.06456 20.748 -3.493 -1.111
2238 112 24 0.06456 20.657 -7.007 1.113
2239 112 22 0.08401 23.147 -3.554 -1.109
2240 112 22 0.08401 23.056 -7.067 1.116
2241 113 6 -0.01524 19.163 -5.211 0.0
2242 113 5 -0.03594 18.479 -6.158 -0.637
2243 113 5 -0.03594 18.527 -4.23 0.637
2244 113 5 0.02734 17.15 -6.125 -0.638
2245 113 5 0.02734 17.199 -4.196 0.638
2246 113 42 -0.26470 16.517 -5.144 0.0
2247 113 6 -0.01524 20.578 -5.247 0.001
2248 113 5 -0.03594 21.263 -4.286 -0.617
2249 113 5 -0.03594 21.212 -6.24 0.62
2250 113 5 0.02734 22.591 -4.32 -0.615
2251 113 5 0.02734 22.54 -6.274 0.622
2252 113 42 -0.26470 23.222 -5.313 0.004
2253 113 24 0.06456 18.994 -6.942 -1.147
2254 113 24 0.06456 19.081 -3.473 1.147
2255 113 22 0.08401 16.595 -6.881 -1.147
2256 113 22 0.08401 16.682 -3.413 1.147
2257 113 24 0.06456 20.748 -3.493 -1.111
2258 113 24 0.06456 20.657 -7.007 1.113
2259 113 22 0.08401 23.147 -3.554 -1.109
2260 113 22 0.08401 23.056 -7.067 1.116
2261 114 6 -0.01524 19.163 -5.211 0.0
2262 114 5 -0.03594 18.479 -6.158 -0.637
2263 114 5 -0.03594 18.527 -4.23 0.637
2264 114 5 0.02734 17.15 -6.125 -0.638
2265 114 5 0.02734 17.199 -4.196 0.638
2266 114 42 -0.26470 16.517 -5.144 0.0
2267 114 6 -0.01524 20.578 -5.247 0.001
2268 114 5 -0.03594 21.263 -4.286 -0.617
2269 114 5 -0.03594 21.212 -6.24 0.62
2270 114 5 0.02734 22.591 -4.32 -0.615
2271 114 5 0.02734 22.54 -6.274 0.622
2272 114 42 -0.26470 23.222 -5.313 0.004
2273 114 24 0.06456 18.994 -6.942 -1.147
2274 114 24 0.06456 19.081 -3.473 1.147
2275 114 22 0.08401 16.595 -6.881 -1.147
2276 114 22 0.08401 16.682 -3.413 1.147
2277 114 24 0.06456 20.748 -3.493 -1.111
2278 114 24 0.06456 20.657 -7.007 1.113
2279 114 22 0.08401 23.147 -3.554 -1.109
2280 114 22 0.08401 23.056 -7.067 1.116
2281 115 6 -0.01524 19.163 -5.211 0.0
2282 115 5 -0.03594 18.479 -6.158 -0.637
2283 115 5 -0.03594 18.527 -4.23 0.637
2284 115 5 0.02734 17.15 -6.125 -0.638
2285 115 5 0.02734 17.199 -4.196 0.638
2286 115 42 -0.26470 16.517 -5.144 0.0
2287 115 6 -0.01524 20.578 -5.247 0.001
2288 115 5 -0.03594 21.263 -4.286 -0.617
2289 115 5 -0.03594 21.212 -6.24 0.62
2290 115 5 0.02734 22.591 -4.32 -0.615
2291 115 5 0.02734 22.54 -6.274 0.622
2292 115 42 -0.26470 23.222 -5.313 0.004
2293 115 24 0.06456 18.994 -6.942 -1.147
2294 115 24 0.06456 19.081 -3.473 1.147
2295 115 22 0.08401 16.595 -6.881 -1.147
2296 115 22 0.08401 16.682 -3.413 1.147
2297 115 24 0.06456 20.748 -3.493 -1.111
2298 115 24 0.06456 20.657 -7.007 1.113
2299 115 22 0.08401 23.147 -3.554 -1.109
2300 115 22 0.08401 23.056 -7.067 1.116
2301 116 6 -0.01524 19.163 -5.211 0.0
2302 116 5 -0.03594 18.479 -6.158 -0.637
2303 116 5 -0.03594 18.527 -4.23 0.637
2304 116 5 0.02734 17.15 -6.125 -0.638
2305 116 5 0.02734 17.199 -4.196 0.638
2306 116 42 -0.26470 16.517 -5.144 0.0
2307 116 6 -0.01524 20.578 -5.247 0.001
2308 116 5 -0.03594 21.263 -4.286 -0.617
2309 116 5 -0.03594 21.212 -6.24 0.62
2310 116 5 0.02734 22.591 -4.32 -0.615
2311 116 5 0.02734 22.54 -6.274 0.622
2312 116 42 -0.26470 23.222 -5.313 0.004
2313 116 24 0.06456 18.994 -6.942 -1.147
2314 116 24 0.06456 19.081 -3.473 1.147
2315 116 22 0.08401 16.595 -6.881 -1.147
2316 116 22 0.08401 16.682 -3.413 1.147
2317 116 24 0.06456 20.748 -3.493 -1.111
2318 116 24 0.06456 20.657 -7.007 1.113
2319 116 22 0.08401 23.147 -3.554 -1.109
2320 116 22 0.08401 23.056 -7.067 1.116
2321 117 6 -0.01524 19.163 -5.211 0.0
2322 117 5 -0.03594 18.479 -6.158 -0.637
2323 117 5 -0.03594 18.527 -4.23 0.637
2324 117 5 0.02734 17.15 -6.125 -0.638
2325 117 5 0.02734 17.199 -4.196 0.638
2326 117 42 -0.26470 16.517 -5.144 0.0
2327 117 6 -0.01524 20.578 -5.247 0.001
2328 117 5 -0.03594 21.263 -4.286 -0.617
2329 117 5 -0.03594 21.212 -6.24 0.62
2330 117 5 0.02734 22.591 -4.32 -0.615
2331 117 5 0.02734 22.54 -6.274 0.622
2332 117 42 -0.26470 23.222 -5.313 0.004
2333 117 24 0.06456 18.994 -6.942 -1.147
2334 117 24 0.06456 19.081 -3.473 1.147
2335 117 22 0.08401 16.595 -6.881 -1.147
2336 117 22 0.08401 16.682 -3.413 1.147
2337 117 24 0.06456 20.748 -3.493 -1.111
2338 117 24 0.06456 20.657 -7.007 1.113
2339 117 22 0.08401 23.147 -3.554 -1.109
2340 117 22 0.08401 23.056 -7.067 1.116
2341 118 6 -0.01524 19.163 -5.211 0.0
2342 118 5 -0.03594 18.479 -6.158 -0.637
2343 118 5 -0.03594 18.527 -4.23 0.637
2344 118 5 0.02734 17.15 -6.125 -0.638
2345 118 5 0.02734 17.199 -4.196 0.638
2346 118 42 -0.26470 16.517 -5.144 0.0
2347 118 6 -0.01524 20.578 -5.247 0.001
2348 118 5 -0.03594 21.263 -4.286 -0.617
2349 118 5 -0.03594 21.212 -6.24 0.62
2350 118 5 0.02734 22.591 -4.32 -0.615
2351 118 5 0.02734 22.54 -6.274 0.622
2352 118 42 -0.26470 23.222 -5.313 0.004
2353 118 24 0.06456 18.994 -6.942 -1.147
2354 118 24 0.06456 19.081 -3.473 1.147
2355 118 22 0.08401 16.595 -6.881 -1.147
2356 118 22 0.08401 16.682 -3.413 1.147
2357 118 24 0.06456 20.748 -3.493 -1.111
2358 118 24 0.06456 20.657 -7.007 1.113
2359 118 22 0.08401 23.147 -3.554 -1.109
2360 118 22 0.08401 23.056 -7.067 1.116
2361 119 6 -0.01524 19.163 -5.211 0.0
2362 119 5 -0.03594 18.479 -6.158 -0.637
2363 119 5 -0.03594 18.527 -4.23 0.637
2364 119 5 0.02734 17.15 -6.125 -0.638
2365 119 5 0.02734 17.199 -4.196 0.638
2366 119 42 -0.26470 16.517 -5.144 0.0
2367 119 6 -0.01524 20.578 -5.247 0.001
2368 119 5 -0.03594 21.263 -4.286 -0.617
2369 119 5 -0.03594 21.212 -6.24 0.62
2370 119 5 0.02734 22.591 -4.32 -0.615
2371 119 5 0.02734 22.54 -6.274 0.622
2372 119 42 -0.26470 23.222 -5.313 0.004
2373 119 24 0.06456 18.994 -6.942 -1.147
2374 119 24 0.06456 19.081 -3.473 1.147
2375 119 22 0.08401 16.595 -6.881 -1.147
2376 119 22 0.08401 16.682 -3.413 1.147
2377 119 24 0.06456 20.748 -3.493 -1.111
2378 119 24 0.06456 20.657 -7.007 1.113
2379 119 22 0.08401 23.147 -3.554 -1.109
2380 119 22 0.08401 23.056 -7.067 1.116
2381 120 6 -0.01524 19.163 -5.211 0.0
2382 120 5 -0.03594 18.479 -6.158 -0.637
2383 120 5 -0.03594 18.527 -4.23 0.637
2384 120 5 0.02734 17.15 -6.125 -0.638
2385 120 5 0.02734 17.199 -4.196 0.638
2386 120 42 -0.26470 16.517 -5.144 0.0
2387 120 6 -0.01524 20.578 -5.247 0.001
2388 120 5 -0.03594 21.263 -4.286 -0.617
2389 120 5 -0.03594 21.212 -6.24 0.62
2390 120 5 0.02734 22.591 -4.32 -0.615
2391 120 5 0.02734 22.54 -6.274 0.622
2392 120 42 -0.26470 23.222 -5.313 0.004
2393 120 24 0.06456 18.994 -6.942 -1.147
2394 120 24 0.06456 19.081 -3.473 1.147
2395 120 22 0.08401 16.595 -6.881 -1.147
2396 120 22 0.08401 16.682 -3.413 1.147
2397 120 24 0.06456 20.748 -3.493 -1.111
2398 120 24 0.06456 20.657 -7.007 1.113
2399 120 22 0.08401 23.147 -3.554 -1.109
2400 120 22 0.08401 23.056 -7.067 1.116
2401 121 6 -0.01524 19.163 -5.211 0.0
2402 121 5 -0.03594 18.479 -6.158 -0.637
2403 121 5 -0.03594 18.527 -4.23 0.637
2404 121 5 0.02734 17.15 -6.125 -0.638
2405 121 5 0.02734 17.199 -4.196 0.638
2406 121 42 -0.26470 16.517 -5.144 0.0
2407 121 6 -0.01524 20.578 -5.247 0.001
2408 121 5 -0.03594 21.263 -4.286 -0.617
2409 121 5 -0.03594 21.212 -6.24 0.62
2410 121 5 0.02734 22.591 -4.32 -0.615
2411 121 5 0.02734 22.54 -6.274 0.622
2412 121 42 -0.26470 23.222 -5.313 0.004
2413 121 24 0.06456 18.994 -6.942 -1.147
2414 121 24 0.06456 19.081 -3.473 1.147
2415 121 22 0.08401 16.595 -6.881 -1.147
2416 121 22 0.08401 16.682 -3.413 1.147
2417 121 24 0.06456 20.748 -3.493 -1.111
2418 121 24 0.06456 20.657 -7.007 1.113
2419 121 22 0.08401 23.147 -3.554 -1.109
2420 121 22 0.08401 23.056 -7.067 1.116
2421 122 6 -0.01524 19.163 -5.211 0.0
2422 122 5 -0.03594 18.479 -6.158 -0.637
2423 122 5 -0.03594 18.527 -4.23 0.637
2424 122 5 0.02734 17.15 -6.125 -0.638
2425 122 5 0.02734 17.199 -4.196 0.638
2426 122 42 -0.26470 16.517 -5.144 0.0
2427 122 6 -0.01524 20.578 -5.247 0.001
2428 122 5 -0.03594 21.263 -4.286 -0.617
2429 122 5 -0.03594 21.212 -6.24 0.62
2430 122 5 0.02734 22.591 -4.32 -0.615
2431 122 5 0.02734 22.54 -6.274 0.622
2432 122 42 -0.26470 23.222 -5.313 0.004
2433 122 24 0.06456 18.994 -6.942 -1.147
2434 122 24 0.06456 19.081 -3.473 1.147
2435 122 22 0.08401 16.595 -6.881 -1.147
2436 122 22 0.08401 16.682 -3.413 1.147
2437 122 24 0.06456 20.748 -3.493 -1.111
2438 122 24 0.06456 20.657 -7.007 1.113
2439 122 22 0.08401 23.147 -3.554 -1.109
2440 122 22 0.08401 23.056 -7.067 1.116
2441 123 6 -0.01524 19.163 -5.211 0.0
2442 123 5 -0.03594 18.479 -6.158 -0.637
2443 123 5 -0.03594 18.527 -4.23 0.637
2444 123 5 0.02734 17.15 -6.125 -0.638
2445 123 5 0.02734 17.199 -4.196 0.638
2446 123 42 -0.26470 16.517 -5.144 0.0
2447 123 6 -0.01524 20.578 -5.247 0.001
2448 123 5 -0.03594 21.263 -4.286 -0.617
2449 123 5 -0.03594 21.212 -6.24 0.62
2450 123 5 0.02734 22.591 -4.32 -0.615
2451 123 5 0.02734 22.54 -6.274 0.622
2452 123 42 -0.26470 23.222 -5.313 0.004
2453 123 24 0.06456 18.994 -6.942 -1.147
2454 123 24 0.06456 19.081 -3.473 1.147
2455 123 22 0.08401 16.595 -6.881 -1.147
2456 123 22 0.08401 16.682 -3.413 1.147
2457 123 24 0.06456 20.748 -3.493 -1.111
2458 123 24 0.06456 20.657 -7.007 1.113
2459 123 22 0.08401 23.147 -3.554 -1.109
2460 123 22 0.08401 23.056 -7.067 1.116
2461 124 6 -0.01524 19.163 -5.211 0.0
2462 124 5 -0.03594 18.479 -6.158 -0.637
2463 124 5 -0.03594 18.527 -4.23 0.637
2464 124 5 0.02734 17.15 -6.125 -0.638
2465 124 5 0.02734 17.199 -4.196 0.638
2466 124 42 -0.26470 16.517 -5.144 0.0
2467 124 6 -0.01524 20.578 -5.247 0.001
2468 124 5 -0.03594 21.263 -4.286 -0.617
2469 124 5 -0.03594 21.212 -6.24 0.62
2470 124 5 0.02734 22.591 -4.32 -0.615
2471 124 5 0.02734 22.54 -6.274 0.622
2472 124 42 -0.26470 23.222 -5.313 0.004
2473 124 24 0.06456 18.994 -6.942 -1.147
2474 124 24 0.06456 19.081 -3.473 1.147
2475 124 22 0.08401 16.595 -6.881 -1.147
2476 124 22 0.08401 16.682 -3.413 1.147
2477 124 24 0.06456 20.748 -3.493 -1.111
2478 124 24 0.06456 20.657 -7.007 1.113
2479 124 22 0.08401 23.147 -3.554 -1.109
2480 124 22 0.08401 23.056 -7.067 1.116
2481 125 6 -0.01524 19.163 -5.211 0.0
2482 125 5 -0.03594 18.479 -6.158 -0.637
2483 125 5 -0.03594 18.527 -4.23 0.637
2484 125 5 0.02734 17.15 -6.125 -0.638
2485 125 5 0.02734 17.199 -4.196 0.638
2486 125 42 -0.26470 16.517 -5.144 0.0
2487 125 6 -0.01524 20.578 -5.247 0.001
2488 125 5 -0.03594 21.263 -4.286 -0.617
2489 125 5 -0.03594 21.212 -6.24 0.62
2490 125 5 0.02734 22.591 -4.32 -0.615
2491 125 5 0.02734 22.54 -6.274 0.622
2492 125 42 -0.26470 23.222 -5.313 0.004
2493 125 24 0.06456 18.994 -6.942 -1.147
2494 125 24 0.06456 19.081 -3.473 1.147
2495 125 22 0.08401 16.595 -6.881 -1.147
2496 125 22 0.08401 16.682 -3.413 1.147
2497 125 24 0.06456 20.748 -3.493 -1.111
2498 125 24 0.06456 20.657 -7.007 1.113
2499 125 22 0.08401 23.147 -3.554 -1.109
2500 125 22 0.08401 23.056 -7.067 1.116
2501 126 6 -0.01524 19.163 -5.211 0.0
2502 126 5 -0.03594 18.479 -6.158 -0.637
2503 126 5 -0.03594 18.527 -4.23 0.637
2504 126 5 0.02734 17.15 -6.125 -0.638
2505 126 5 0.02734 17.199 -4.196 0.638
2506 126 42 -0.26470 16.517 -5.144 0.0
2507 126 6 -0.01524 20.578 -5.247 0.001
2508 126 5 -0.03594 21.263 -4.286 -0.617
2509 126 5 -0.03594 21.212 -6.24 0.62
2510 126 5 0.02734 22.591 -4.32 -0.615
2511 126 5 0.02734 22.54 -6.274 0.622
2512 126 42 -0.26470 23.222 -5.313 0.004
2513 126 24 0.06456 18.994 -6.942 -1.147
2514 126 24 0.06456 19.081 -3.473 1.147
2515 126 22 0.08401 16.595 -6.881 -1.147
2516 126 22 0.08401 16.682 -3.413 1.147
2517 126 24 0.06456 20.748 -3.493 -1.111
2518 126 24 0.06456 20.657 -7.007 1.113
2519 126 22 0.08401 23.147 -3.554 -1.109
2520 126 22 0.08401 23.056 -7.067 1.116
2521 127 6 -0.01524 19.163 -5.211 0.0
2522 127 5 -0.03594 18.479 -6.158 -0.637
2523 127 5 -0.03594 18.527 -4.23 0.637
2524 127 5 0.02734 17.15 -6.125 -0.638
2525 127 5 0.02734 17.199 -4.196 0.638
2526 127 42 -0.26470 16.517 -5.144 0.0
2527 127 6 -0.01524 20.578 -5.247 0.001
2528 127 5 -0.03594 21.263 -4.286 -0.617
2529 127 5 -0.03594 21.212 -6.24 0.62
2530 127 5 0.02734 22.591 -4.32 -0.615
2531 127 5 0.02734 22.54 -6.274 0.622
2532 127 42 -0.26470 23.222 -5.313 0.004
2533 127 24 0.06456 18.994 -6.942 -1.147
2534 127 24 0.06456 19.081 -3.473 1.147
2535 127 22 0.08401 16.595 -6.881 -1.147
2536 127 22 0.08401 16.682 -3.413 1.147
2537 127 24 0.06456 20.748 -3.493 -1.111
2538 127 24 0.06456 20.657 -7.007 1.113
2539 127 22 0.08401 23.147 -3.554 -1.109
2540 127 22 0.08401 23.056 -7.067 1.116
2541 128 6 -0.01524 19.163 -5.211 0.0
2542 128 5 -0.03594 18.479 -6.158 -0.637
2543 128 5 -0.03594 18.527 -4.23 0.637
2544 128 5 0.02734 17.15 -6.125 -0.638
2545 128 5 0.02734 17.199 -4.196 0.638
2546 128 42 -0.26470 16.517 -5.144 0.0
2547 128 6 -0.01524 20.578 -5.247 0.001
2548 128 5 -0.03594 21.263 -4.286 -0.617
2549 128 5 -0.03594 21.212 -6.24 0.62
2550 128 5 0.02734 22.591 -4.32 -0.615
2551 128 5 0.02734 22.54 -6.274 0.622
2552 128 42 -0.26470 23.222 -5.313 0.004
2553 128 24 0.06456 18.994 -6.942 -1.147
2554 128 24 0.06456 19.081 -3.473 1.147
2555 128 22 0.08401 16.595 -6.881 -1.147
2556 128 22 0.08401 16.682 -3.413 1.147
2557 128 24 0.06456 20.748 -3.493 -1.111
2558 128 24 0.06456 20.657 -7.007 1.113
2559 128 22 0.08401 23.147 -3.554 -1.109
2560 128 22 0.08401 23.056 -7.067 1.116
