#   bondID        atomID       atomID
    1      1     2     
    2      1     3     
    3      1     7     
    4      2     4     
    5      2     13     
    6      3     5     
    7      3     14     
    8      4     6     
    9      4     15     
    10     5     6     
    11     5     16     
    12     7     8     
    13     7     9     
    14     8     10     
    15     8     17     
    16     9     11    
    17     9     18     
    18     10     12     
    19     10     19     
    20     11    12     
    21     11    20     
#   bondID        atomID       atomID
    22      21     22     
    23      21     23     
    24      21     27     
    25      22     24     
    26      22     33     
    27      23     25     
    28      23     34     
    29      24     26     
    30      24     35     
    31     25     26     
    32     25     36     
    33     27     28     
    34     27     29     
    35     28     30     
    36     28     37     
    37     29     31    
    38     29     38     
    39     30     32     
    40     30     39     
    41     31    32     
    42     31    40     
#   bondID        atomID       atomID
    43      41     42     
    44      41     43     
    45      41     47     
    46      42     44     
    47      42     53     
    48      43     45     
    49      43     54     
    50      44     46     
    51      44     55     
    52     45     46     
    53     45     56     
    54     47     48     
    55     47     49     
    56     48     50     
    57     48     57     
    58     49     51    
    59     49     58     
    60     50     52     
    61     50     59     
    62     51    52     
    63     51    60     
#   bondID        atomID       atomID
    64      61     62     
    65      61     63     
    66      61     67     
    67      62     64     
    68      62     73     
    69      63     65     
    70      63     74     
    71      64     66     
    72      64     75     
    73     65     66     
    74     65     76     
    75     67     68     
    76     67     69     
    77     68     70     
    78     68     77     
    79     69     71    
    80     69     78     
    81     70     72     
    82     70     79     
    83     71    72     
    84     71    80     
#   bondID        atomID       atomID
    85      81     82     
    86      81     83     
    87      81     87     
    88      82     84     
    89      82     93     
    90      83     85     
    91      83     94     
    92      84     86     
    93      84     95     
    94     85     86     
    95     85     96     
    96     87     88     
    97     87     89     
    98     88     90     
    99     88     97     
    100     89     91    
    101     89     98     
    102     90     92     
    103     90     99     
    104     91    92     
    105     91    100     
#   bondID        atomID       atomID
    106      101     102     
    107      101     103     
    108      101     107     
    109      102     104     
    110      102     113     
    111      103     105     
    112      103     114     
    113      104     106     
    114      104     115     
    115     105     106     
    116     105     116     
    117     107     108     
    118     107     109     
    119     108     110     
    120     108     117     
    121     109     111    
    122     109     118     
    123     110     112     
    124     110     119     
    125     111    112     
    126     111    120     
#   bondID        atomID       atomID
    127      121     122     
    128      121     123     
    129      121     127     
    130      122     124     
    131      122     133     
    132      123     125     
    133      123     134     
    134      124     126     
    135      124     135     
    136     125     126     
    137     125     136     
    138     127     128     
    139     127     129     
    140     128     130     
    141     128     137     
    142     129     131    
    143     129     138     
    144     130     132     
    145     130     139     
    146     131    132     
    147     131    140     
#   bondID        atomID       atomID
    148      141     142     
    149      141     143     
    150      141     147     
    151      142     144     
    152      142     153     
    153      143     145     
    154      143     154     
    155      144     146     
    156      144     155     
    157     145     146     
    158     145     156     
    159     147     148     
    160     147     149     
    161     148     150     
    162     148     157     
    163     149     151    
    164     149     158     
    165     150     152     
    166     150     159     
    167     151    152     
    168     151    160     
#   bondID        atomID       atomID
    169      161     162     
    170      161     163     
    171      161     167     
    172      162     164     
    173      162     173     
    174      163     165     
    175      163     174     
    176      164     166     
    177      164     175     
    178     165     166     
    179     165     176     
    180     167     168     
    181     167     169     
    182     168     170     
    183     168     177     
    184     169     171    
    185     169     178     
    186     170     172     
    187     170     179     
    188     171    172     
    189     171    180     
#   bondID        atomID       atomID
    190      181     182     
    191      181     183     
    192      181     187     
    193      182     184     
    194      182     193     
    195      183     185     
    196      183     194     
    197      184     186     
    198      184     195     
    199     185     186     
    200     185     196     
    201     187     188     
    202     187     189     
    203     188     190     
    204     188     197     
    205     189     191    
    206     189     198     
    207     190     192     
    208     190     199     
    209     191    192     
    210     191    200     
#   bondID        atomID       atomID
    211      201     202     
    212      201     203     
    213      201     207     
    214      202     204     
    215      202     213     
    216      203     205     
    217      203     214     
    218      204     206     
    219      204     215     
    220     205     206     
    221     205     216     
    222     207     208     
    223     207     209     
    224     208     210     
    225     208     217     
    226     209     211    
    227     209     218     
    228     210     212     
    229     210     219     
    230     211    212     
    231     211    220     
#   bondID        atomID       atomID
    232      221     222     
    233      221     223     
    234      221     227     
    235      222     224     
    236      222     233     
    237      223     225     
    238      223     234     
    239      224     226     
    240      224     235     
    241     225     226     
    242     225     236     
    243     227     228     
    244     227     229     
    245     228     230     
    246     228     237     
    247     229     231    
    248     229     238     
    249     230     232     
    250     230     239     
    251     231    232     
    252     231    240     
#   bondID        atomID       atomID
    253      241     242     
    254      241     243     
    255      241     247     
    256      242     244     
    257      242     253     
    258      243     245     
    259      243     254     
    260      244     246     
    261      244     255     
    262     245     246     
    263     245     256     
    264     247     248     
    265     247     249     
    266     248     250     
    267     248     257     
    268     249     251    
    269     249     258     
    270     250     252     
    271     250     259     
    272     251    252     
    273     251    260     
#   bondID        atomID       atomID
    274      261     262     
    275      261     263     
    276      261     267     
    277      262     264     
    278      262     273     
    279      263     265     
    280      263     274     
    281      264     266     
    282      264     275     
    283     265     266     
    284     265     276     
    285     267     268     
    286     267     269     
    287     268     270     
    288     268     277     
    289     269     271    
    290     269     278     
    291     270     272     
    292     270     279     
    293     271    272     
    294     271    280     
#   bondID        atomID       atomID
    295      281     282     
    296      281     283     
    297      281     287     
    298      282     284     
    299      282     293     
    300      283     285     
    301      283     294     
    302      284     286     
    303      284     295     
    304     285     286     
    305     285     296     
    306     287     288     
    307     287     289     
    308     288     290     
    309     288     297     
    310     289     291    
    311     289     298     
    312     290     292     
    313     290     299     
    314     291    292     
    315     291    300     
#   bondID        atomID       atomID
    316      301     302     
    317      301     303     
    318      301     307     
    319      302     304     
    320      302     313     
    321      303     305     
    322      303     314     
    323      304     306     
    324      304     315     
    325     305     306     
    326     305     316     
    327     307     308     
    328     307     309     
    329     308     310     
    330     308     317     
    331     309     311    
    332     309     318     
    333     310     312     
    334     310     319     
    335     311    312     
    336     311    320     
#   bondID        atomID       atomID
    337      321     322     
    338      321     323     
    339      321     327     
    340      322     324     
    341      322     333     
    342      323     325     
    343      323     334     
    344      324     326     
    345      324     335     
    346     325     326     
    347     325     336     
    348     327     328     
    349     327     329     
    350     328     330     
    351     328     337     
    352     329     331    
    353     329     338     
    354     330     332     
    355     330     339     
    356     331    332     
    357     331    340     
#   bondID        atomID       atomID
    358      341     342     
    359      341     343     
    360      341     347     
    361      342     344     
    362      342     353     
    363      343     345     
    364      343     354     
    365      344     346     
    366      344     355     
    367     345     346     
    368     345     356     
    369     347     348     
    370     347     349     
    371     348     350     
    372     348     357     
    373     349     351    
    374     349     358     
    375     350     352     
    376     350     359     
    377     351    352     
    378     351    360     
#   bondID        atomID       atomID
    379      361     362     
    380      361     363     
    381      361     367     
    382      362     364     
    383      362     373     
    384      363     365     
    385      363     374     
    386      364     366     
    387      364     375     
    388     365     366     
    389     365     376     
    390     367     368     
    391     367     369     
    392     368     370     
    393     368     377     
    394     369     371    
    395     369     378     
    396     370     372     
    397     370     379     
    398     371    372     
    399     371    380     
#   bondID        atomID       atomID
    400      381     382     
    401      381     383     
    402      381     387     
    403      382     384     
    404      382     393     
    405      383     385     
    406      383     394     
    407      384     386     
    408      384     395     
    409     385     386     
    410     385     396     
    411     387     388     
    412     387     389     
    413     388     390     
    414     388     397     
    415     389     391    
    416     389     398     
    417     390     392     
    418     390     399     
    419     391    392     
    420     391    400     
#   bondID        atomID       atomID
    421      401     402     
    422      401     403     
    423      401     407     
    424      402     404     
    425      402     413     
    426      403     405     
    427      403     414     
    428      404     406     
    429      404     415     
    430     405     406     
    431     405     416     
    432     407     408     
    433     407     409     
    434     408     410     
    435     408     417     
    436     409     411    
    437     409     418     
    438     410     412     
    439     410     419     
    440     411    412     
    441     411    420     
#   bondID        atomID       atomID
    442      421     422     
    443      421     423     
    444      421     427     
    445      422     424     
    446      422     433     
    447      423     425     
    448      423     434     
    449      424     426     
    450      424     435     
    451     425     426     
    452     425     436     
    453     427     428     
    454     427     429     
    455     428     430     
    456     428     437     
    457     429     431    
    458     429     438     
    459     430     432     
    460     430     439     
    461     431    432     
    462     431    440     
#   bondID        atomID       atomID
    463      441     442     
    464      441     443     
    465      441     447     
    466      442     444     
    467      442     453     
    468      443     445     
    469      443     454     
    470      444     446     
    471      444     455     
    472     445     446     
    473     445     456     
    474     447     448     
    475     447     449     
    476     448     450     
    477     448     457     
    478     449     451    
    479     449     458     
    480     450     452     
    481     450     459     
    482     451    452     
    483     451    460     
#   bondID        atomID       atomID
    484      461     462     
    485      461     463     
    486      461     467     
    487      462     464     
    488      462     473     
    489      463     465     
    490      463     474     
    491      464     466     
    492      464     475     
    493     465     466     
    494     465     476     
    495     467     468     
    496     467     469     
    497     468     470     
    498     468     477     
    499     469     471    
    500     469     478     
    501     470     472     
    502     470     479     
    503     471    472     
    504     471    480     
#   bondID        atomID       atomID
    505      481     482     
    506      481     483     
    507      481     487     
    508      482     484     
    509      482     493     
    510      483     485     
    511      483     494     
    512      484     486     
    513      484     495     
    514     485     486     
    515     485     496     
    516     487     488     
    517     487     489     
    518     488     490     
    519     488     497     
    520     489     491    
    521     489     498     
    522     490     492     
    523     490     499     
    524     491    492     
    525     491    500     
#   bondID        atomID       atomID
    526      501     502     
    527      501     503     
    528      501     507     
    529      502     504     
    530      502     513     
    531      503     505     
    532      503     514     
    533      504     506     
    534      504     515     
    535     505     506     
    536     505     516     
    537     507     508     
    538     507     509     
    539     508     510     
    540     508     517     
    541     509     511    
    542     509     518     
    543     510     512     
    544     510     519     
    545     511    512     
    546     511    520     
#   bondID        atomID       atomID
    547      521     522     
    548      521     523     
    549      521     527     
    550      522     524     
    551      522     533     
    552      523     525     
    553      523     534     
    554      524     526     
    555      524     535     
    556     525     526     
    557     525     536     
    558     527     528     
    559     527     529     
    560     528     530     
    561     528     537     
    562     529     531    
    563     529     538     
    564     530     532     
    565     530     539     
    566     531    532     
    567     531    540     
#   bondID        atomID       atomID
    568      541     542     
    569      541     543     
    570      541     547     
    571      542     544     
    572      542     553     
    573      543     545     
    574      543     554     
    575      544     546     
    576      544     555     
    577     545     546     
    578     545     556     
    579     547     548     
    580     547     549     
    581     548     550     
    582     548     557     
    583     549     551    
    584     549     558     
    585     550     552     
    586     550     559     
    587     551    552     
    588     551    560     
#   bondID        atomID       atomID
    589      561     562     
    590      561     563     
    591      561     567     
    592      562     564     
    593      562     573     
    594      563     565     
    595      563     574     
    596      564     566     
    597      564     575     
    598     565     566     
    599     565     576     
    600     567     568     
    601     567     569     
    602     568     570     
    603     568     577     
    604     569     571    
    605     569     578     
    606     570     572     
    607     570     579     
    608     571    572     
    609     571    580     
#   bondID        atomID       atomID
    610      581     582     
    611      581     583     
    612      581     587     
    613      582     584     
    614      582     593     
    615      583     585     
    616      583     594     
    617      584     586     
    618      584     595     
    619     585     586     
    620     585     596     
    621     587     588     
    622     587     589     
    623     588     590     
    624     588     597     
    625     589     591    
    626     589     598     
    627     590     592     
    628     590     599     
    629     591    592     
    630     591    600     
#   bondID        atomID       atomID
    631      601     602     
    632      601     603     
    633      601     607     
    634      602     604     
    635      602     613     
    636      603     605     
    637      603     614     
    638      604     606     
    639      604     615     
    640     605     606     
    641     605     616     
    642     607     608     
    643     607     609     
    644     608     610     
    645     608     617     
    646     609     611    
    647     609     618     
    648     610     612     
    649     610     619     
    650     611    612     
    651     611    620     
#   bondID        atomID       atomID
    652      621     622     
    653      621     623     
    654      621     627     
    655      622     624     
    656      622     633     
    657      623     625     
    658      623     634     
    659      624     626     
    660      624     635     
    661     625     626     
    662     625     636     
    663     627     628     
    664     627     629     
    665     628     630     
    666     628     637     
    667     629     631    
    668     629     638     
    669     630     632     
    670     630     639     
    671     631    632     
    672     631    640     
#   bondID        atomID       atomID
    673      641     642     
    674      641     643     
    675      641     647     
    676      642     644     
    677      642     653     
    678      643     645     
    679      643     654     
    680      644     646     
    681      644     655     
    682     645     646     
    683     645     656     
    684     647     648     
    685     647     649     
    686     648     650     
    687     648     657     
    688     649     651    
    689     649     658     
    690     650     652     
    691     650     659     
    692     651    652     
    693     651    660     
#   bondID        atomID       atomID
    694      661     662     
    695      661     663     
    696      661     667     
    697      662     664     
    698      662     673     
    699      663     665     
    700      663     674     
    701      664     666     
    702      664     675     
    703     665     666     
    704     665     676     
    705     667     668     
    706     667     669     
    707     668     670     
    708     668     677     
    709     669     671    
    710     669     678     
    711     670     672     
    712     670     679     
    713     671    672     
    714     671    680     
#   bondID        atomID       atomID
    715      681     682     
    716      681     683     
    717      681     687     
    718      682     684     
    719      682     693     
    720      683     685     
    721      683     694     
    722      684     686     
    723      684     695     
    724     685     686     
    725     685     696     
    726     687     688     
    727     687     689     
    728     688     690     
    729     688     697     
    730     689     691    
    731     689     698     
    732     690     692     
    733     690     699     
    734     691    692     
    735     691    700     
#   bondID        atomID       atomID
    736      701     702     
    737      701     703     
    738      701     707     
    739      702     704     
    740      702     713     
    741      703     705     
    742      703     714     
    743      704     706     
    744      704     715     
    745     705     706     
    746     705     716     
    747     707     708     
    748     707     709     
    749     708     710     
    750     708     717     
    751     709     711    
    752     709     718     
    753     710     712     
    754     710     719     
    755     711    712     
    756     711    720     
#   bondID        atomID       atomID
    757      721     722     
    758      721     723     
    759      721     727     
    760      722     724     
    761      722     733     
    762      723     725     
    763      723     734     
    764      724     726     
    765      724     735     
    766     725     726     
    767     725     736     
    768     727     728     
    769     727     729     
    770     728     730     
    771     728     737     
    772     729     731    
    773     729     738     
    774     730     732     
    775     730     739     
    776     731    732     
    777     731    740     
#   bondID        atomID       atomID
    778      741     742     
    779      741     743     
    780      741     747     
    781      742     744     
    782      742     753     
    783      743     745     
    784      743     754     
    785      744     746     
    786      744     755     
    787     745     746     
    788     745     756     
    789     747     748     
    790     747     749     
    791     748     750     
    792     748     757     
    793     749     751    
    794     749     758     
    795     750     752     
    796     750     759     
    797     751    752     
    798     751    760     
#   bondID        atomID       atomID
    799      761     762     
    800      761     763     
    801      761     767     
    802      762     764     
    803      762     773     
    804      763     765     
    805      763     774     
    806      764     766     
    807      764     775     
    808     765     766     
    809     765     776     
    810     767     768     
    811     767     769     
    812     768     770     
    813     768     777     
    814     769     771    
    815     769     778     
    816     770     772     
    817     770     779     
    818     771    772     
    819     771    780     
#   bondID        atomID       atomID
    820      781     782     
    821      781     783     
    822      781     787     
    823      782     784     
    824      782     793     
    825      783     785     
    826      783     794     
    827      784     786     
    828      784     795     
    829     785     786     
    830     785     796     
    831     787     788     
    832     787     789     
    833     788     790     
    834     788     797     
    835     789     791    
    836     789     798     
    837     790     792     
    838     790     799     
    839     791    792     
    840     791    800     
#   bondID        atomID       atomID
    841      801     802     
    842      801     803     
    843      801     807     
    844      802     804     
    845      802     813     
    846      803     805     
    847      803     814     
    848      804     806     
    849      804     815     
    850     805     806     
    851     805     816     
    852     807     808     
    853     807     809     
    854     808     810     
    855     808     817     
    856     809     811    
    857     809     818     
    858     810     812     
    859     810     819     
    860     811    812     
    861     811    820     
#   bondID        atomID       atomID
    862      821     822     
    863      821     823     
    864      821     827     
    865      822     824     
    866      822     833     
    867      823     825     
    868      823     834     
    869      824     826     
    870      824     835     
    871     825     826     
    872     825     836     
    873     827     828     
    874     827     829     
    875     828     830     
    876     828     837     
    877     829     831    
    878     829     838     
    879     830     832     
    880     830     839     
    881     831    832     
    882     831    840     
#   bondID        atomID       atomID
    883      841     842     
    884      841     843     
    885      841     847     
    886      842     844     
    887      842     853     
    888      843     845     
    889      843     854     
    890      844     846     
    891      844     855     
    892     845     846     
    893     845     856     
    894     847     848     
    895     847     849     
    896     848     850     
    897     848     857     
    898     849     851    
    899     849     858     
    900     850     852     
    901     850     859     
    902     851    852     
    903     851    860     
#   bondID        atomID       atomID
    904      861     862     
    905      861     863     
    906      861     867     
    907      862     864     
    908      862     873     
    909      863     865     
    910      863     874     
    911      864     866     
    912      864     875     
    913     865     866     
    914     865     876     
    915     867     868     
    916     867     869     
    917     868     870     
    918     868     877     
    919     869     871    
    920     869     878     
    921     870     872     
    922     870     879     
    923     871    872     
    924     871    880     
#   bondID        atomID       atomID
    925      881     882     
    926      881     883     
    927      881     887     
    928      882     884     
    929      882     893     
    930      883     885     
    931      883     894     
    932      884     886     
    933      884     895     
    934     885     886     
    935     885     896     
    936     887     888     
    937     887     889     
    938     888     890     
    939     888     897     
    940     889     891    
    941     889     898     
    942     890     892     
    943     890     899     
    944     891    892     
    945     891    900     
#   bondID        atomID       atomID
    946      901     902     
    947      901     903     
    948      901     907     
    949      902     904     
    950      902     913     
    951      903     905     
    952      903     914     
    953      904     906     
    954      904     915     
    955     905     906     
    956     905     916     
    957     907     908     
    958     907     909     
    959     908     910     
    960     908     917     
    961     909     911    
    962     909     918     
    963     910     912     
    964     910     919     
    965     911    912     
    966     911    920     
#   bondID        atomID       atomID
    967      921     922     
    968      921     923     
    969      921     927     
    970      922     924     
    971      922     933     
    972      923     925     
    973      923     934     
    974      924     926     
    975      924     935     
    976     925     926     
    977     925     936     
    978     927     928     
    979     927     929     
    980     928     930     
    981     928     937     
    982     929     931    
    983     929     938     
    984     930     932     
    985     930     939     
    986     931    932     
    987     931    940     
#   bondID        atomID       atomID
    988      941     942     
    989      941     943     
    990      941     947     
    991      942     944     
    992      942     953     
    993      943     945     
    994      943     954     
    995      944     946     
    996      944     955     
    997     945     946     
    998     945     956     
    999     947     948     
    1000     947     949     
    1001     948     950     
    1002     948     957     
    1003     949     951    
    1004     949     958     
    1005     950     952     
    1006     950     959     
    1007     951    952     
    1008     951    960     
#   bondID        atomID       atomID
    1009      961     962     
    1010      961     963     
    1011      961     967     
    1012      962     964     
    1013      962     973     
    1014      963     965     
    1015      963     974     
    1016      964     966     
    1017      964     975     
    1018     965     966     
    1019     965     976     
    1020     967     968     
    1021     967     969     
    1022     968     970     
    1023     968     977     
    1024     969     971    
    1025     969     978     
    1026     970     972     
    1027     970     979     
    1028     971    972     
    1029     971    980     
#   bondID        atomID       atomID
    1030      981     982     
    1031      981     983     
    1032      981     987     
    1033      982     984     
    1034      982     993     
    1035      983     985     
    1036      983     994     
    1037      984     986     
    1038      984     995     
    1039     985     986     
    1040     985     996     
    1041     987     988     
    1042     987     989     
    1043     988     990     
    1044     988     997     
    1045     989     991    
    1046     989     998     
    1047     990     992     
    1048     990     999     
    1049     991    992     
    1050     991    1000     
#   bondID        atomID       atomID
    1051      1001     1002     
    1052      1001     1003     
    1053      1001     1007     
    1054      1002     1004     
    1055      1002     1013     
    1056      1003     1005     
    1057      1003     1014     
    1058      1004     1006     
    1059      1004     1015     
    1060     1005     1006     
    1061     1005     1016     
    1062     1007     1008     
    1063     1007     1009     
    1064     1008     1010     
    1065     1008     1017     
    1066     1009     1011    
    1067     1009     1018     
    1068     1010     1012     
    1069     1010     1019     
    1070     1011    1012     
    1071     1011    1020     
#   bondID        atomID       atomID
    1072      1021     1022     
    1073      1021     1023     
    1074      1021     1027     
    1075      1022     1024     
    1076      1022     1033     
    1077      1023     1025     
    1078      1023     1034     
    1079      1024     1026     
    1080      1024     1035     
    1081     1025     1026     
    1082     1025     1036     
    1083     1027     1028     
    1084     1027     1029     
    1085     1028     1030     
    1086     1028     1037     
    1087     1029     1031    
    1088     1029     1038     
    1089     1030     1032     
    1090     1030     1039     
    1091     1031    1032     
    1092     1031    1040     
#   bondID        atomID       atomID
    1093      1041     1042     
    1094      1041     1043     
    1095      1041     1047     
    1096      1042     1044     
    1097      1042     1053     
    1098      1043     1045     
    1099      1043     1054     
    1100      1044     1046     
    1101      1044     1055     
    1102     1045     1046     
    1103     1045     1056     
    1104     1047     1048     
    1105     1047     1049     
    1106     1048     1050     
    1107     1048     1057     
    1108     1049     1051    
    1109     1049     1058     
    1110     1050     1052     
    1111     1050     1059     
    1112     1051    1052     
    1113     1051    1060     
#   bondID        atomID       atomID
    1114      1061     1062     
    1115      1061     1063     
    1116      1061     1067     
    1117      1062     1064     
    1118      1062     1073     
    1119      1063     1065     
    1120      1063     1074     
    1121      1064     1066     
    1122      1064     1075     
    1123     1065     1066     
    1124     1065     1076     
    1125     1067     1068     
    1126     1067     1069     
    1127     1068     1070     
    1128     1068     1077     
    1129     1069     1071    
    1130     1069     1078     
    1131     1070     1072     
    1132     1070     1079     
    1133     1071    1072     
    1134     1071    1080     
#   bondID        atomID       atomID
    1135      1081     1082     
    1136      1081     1083     
    1137      1081     1087     
    1138      1082     1084     
    1139      1082     1093     
    1140      1083     1085     
    1141      1083     1094     
    1142      1084     1086     
    1143      1084     1095     
    1144     1085     1086     
    1145     1085     1096     
    1146     1087     1088     
    1147     1087     1089     
    1148     1088     1090     
    1149     1088     1097     
    1150     1089     1091    
    1151     1089     1098     
    1152     1090     1092     
    1153     1090     1099     
    1154     1091    1092     
    1155     1091    1100     
#   bondID        atomID       atomID
    1156      1101     1102     
    1157      1101     1103     
    1158      1101     1107     
    1159      1102     1104     
    1160      1102     1113     
    1161      1103     1105     
    1162      1103     1114     
    1163      1104     1106     
    1164      1104     1115     
    1165     1105     1106     
    1166     1105     1116     
    1167     1107     1108     
    1168     1107     1109     
    1169     1108     1110     
    1170     1108     1117     
    1171     1109     1111    
    1172     1109     1118     
    1173     1110     1112     
    1174     1110     1119     
    1175     1111    1112     
    1176     1111    1120     
#   bondID        atomID       atomID
    1177      1121     1122     
    1178      1121     1123     
    1179      1121     1127     
    1180      1122     1124     
    1181      1122     1133     
    1182      1123     1125     
    1183      1123     1134     
    1184      1124     1126     
    1185      1124     1135     
    1186     1125     1126     
    1187     1125     1136     
    1188     1127     1128     
    1189     1127     1129     
    1190     1128     1130     
    1191     1128     1137     
    1192     1129     1131    
    1193     1129     1138     
    1194     1130     1132     
    1195     1130     1139     
    1196     1131    1132     
    1197     1131    1140     
#   bondID        atomID       atomID
    1198      1141     1142     
    1199      1141     1143     
    1200      1141     1147     
    1201      1142     1144     
    1202      1142     1153     
    1203      1143     1145     
    1204      1143     1154     
    1205      1144     1146     
    1206      1144     1155     
    1207     1145     1146     
    1208     1145     1156     
    1209     1147     1148     
    1210     1147     1149     
    1211     1148     1150     
    1212     1148     1157     
    1213     1149     1151    
    1214     1149     1158     
    1215     1150     1152     
    1216     1150     1159     
    1217     1151    1152     
    1218     1151    1160     
#   bondID        atomID       atomID
    1219      1161     1162     
    1220      1161     1163     
    1221      1161     1167     
    1222      1162     1164     
    1223      1162     1173     
    1224      1163     1165     
    1225      1163     1174     
    1226      1164     1166     
    1227      1164     1175     
    1228     1165     1166     
    1229     1165     1176     
    1230     1167     1168     
    1231     1167     1169     
    1232     1168     1170     
    1233     1168     1177     
    1234     1169     1171    
    1235     1169     1178     
    1236     1170     1172     
    1237     1170     1179     
    1238     1171    1172     
    1239     1171    1180     
#   bondID        atomID       atomID
    1240      1181     1182     
    1241      1181     1183     
    1242      1181     1187     
    1243      1182     1184     
    1244      1182     1193     
    1245      1183     1185     
    1246      1183     1194     
    1247      1184     1186     
    1248      1184     1195     
    1249     1185     1186     
    1250     1185     1196     
    1251     1187     1188     
    1252     1187     1189     
    1253     1188     1190     
    1254     1188     1197     
    1255     1189     1191    
    1256     1189     1198     
    1257     1190     1192     
    1258     1190     1199     
    1259     1191    1192     
    1260     1191    1200     
#   bondID        atomID       atomID
    1261      1201     1202     
    1262      1201     1203     
    1263      1201     1207     
    1264      1202     1204     
    1265      1202     1213     
    1266      1203     1205     
    1267      1203     1214     
    1268      1204     1206     
    1269      1204     1215     
    1270     1205     1206     
    1271     1205     1216     
    1272     1207     1208     
    1273     1207     1209     
    1274     1208     1210     
    1275     1208     1217     
    1276     1209     1211    
    1277     1209     1218     
    1278     1210     1212     
    1279     1210     1219     
    1280     1211    1212     
    1281     1211    1220     
#   bondID        atomID       atomID
    1282      1221     1222     
    1283      1221     1223     
    1284      1221     1227     
    1285      1222     1224     
    1286      1222     1233     
    1287      1223     1225     
    1288      1223     1234     
    1289      1224     1226     
    1290      1224     1235     
    1291     1225     1226     
    1292     1225     1236     
    1293     1227     1228     
    1294     1227     1229     
    1295     1228     1230     
    1296     1228     1237     
    1297     1229     1231    
    1298     1229     1238     
    1299     1230     1232     
    1300     1230     1239     
    1301     1231    1232     
    1302     1231    1240     
#   bondID        atomID       atomID
    1303      1241     1242     
    1304      1241     1243     
    1305      1241     1247     
    1306      1242     1244     
    1307      1242     1253     
    1308      1243     1245     
    1309      1243     1254     
    1310      1244     1246     
    1311      1244     1255     
    1312     1245     1246     
    1313     1245     1256     
    1314     1247     1248     
    1315     1247     1249     
    1316     1248     1250     
    1317     1248     1257     
    1318     1249     1251    
    1319     1249     1258     
    1320     1250     1252     
    1321     1250     1259     
    1322     1251    1252     
    1323     1251    1260     
#   bondID        atomID       atomID
    1324      1261     1262     
    1325      1261     1263     
    1326      1261     1267     
    1327      1262     1264     
    1328      1262     1273     
    1329      1263     1265     
    1330      1263     1274     
    1331      1264     1266     
    1332      1264     1275     
    1333     1265     1266     
    1334     1265     1276     
    1335     1267     1268     
    1336     1267     1269     
    1337     1268     1270     
    1338     1268     1277     
    1339     1269     1271    
    1340     1269     1278     
    1341     1270     1272     
    1342     1270     1279     
    1343     1271    1272     
    1344     1271    1280     
#   bondID        atomID       atomID
    1345      1281     1282     
    1346      1281     1283     
    1347      1281     1287     
    1348      1282     1284     
    1349      1282     1293     
    1350      1283     1285     
    1351      1283     1294     
    1352      1284     1286     
    1353      1284     1295     
    1354     1285     1286     
    1355     1285     1296     
    1356     1287     1288     
    1357     1287     1289     
    1358     1288     1290     
    1359     1288     1297     
    1360     1289     1291    
    1361     1289     1298     
    1362     1290     1292     
    1363     1290     1299     
    1364     1291    1292     
    1365     1291    1300     
#   bondID        atomID       atomID
    1366      1301     1302     
    1367      1301     1303     
    1368      1301     1307     
    1369      1302     1304     
    1370      1302     1313     
    1371      1303     1305     
    1372      1303     1314     
    1373      1304     1306     
    1374      1304     1315     
    1375     1305     1306     
    1376     1305     1316     
    1377     1307     1308     
    1378     1307     1309     
    1379     1308     1310     
    1380     1308     1317     
    1381     1309     1311    
    1382     1309     1318     
    1383     1310     1312     
    1384     1310     1319     
    1385     1311    1312     
    1386     1311    1320     
#   bondID        atomID       atomID
    1387      1321     1322     
    1388      1321     1323     
    1389      1321     1327     
    1390      1322     1324     
    1391      1322     1333     
    1392      1323     1325     
    1393      1323     1334     
    1394      1324     1326     
    1395      1324     1335     
    1396     1325     1326     
    1397     1325     1336     
    1398     1327     1328     
    1399     1327     1329     
    1400     1328     1330     
    1401     1328     1337     
    1402     1329     1331    
    1403     1329     1338     
    1404     1330     1332     
    1405     1330     1339     
    1406     1331    1332     
    1407     1331    1340     
#   bondID        atomID       atomID
    1408      1341     1342     
    1409      1341     1343     
    1410      1341     1347     
    1411      1342     1344     
    1412      1342     1353     
    1413      1343     1345     
    1414      1343     1354     
    1415      1344     1346     
    1416      1344     1355     
    1417     1345     1346     
    1418     1345     1356     
    1419     1347     1348     
    1420     1347     1349     
    1421     1348     1350     
    1422     1348     1357     
    1423     1349     1351    
    1424     1349     1358     
    1425     1350     1352     
    1426     1350     1359     
    1427     1351    1352     
    1428     1351    1360     
#   bondID        atomID       atomID
    1429      1361     1362     
    1430      1361     1363     
    1431      1361     1367     
    1432      1362     1364     
    1433      1362     1373     
    1434      1363     1365     
    1435      1363     1374     
    1436      1364     1366     
    1437      1364     1375     
    1438     1365     1366     
    1439     1365     1376     
    1440     1367     1368     
    1441     1367     1369     
    1442     1368     1370     
    1443     1368     1377     
    1444     1369     1371    
    1445     1369     1378     
    1446     1370     1372     
    1447     1370     1379     
    1448     1371    1372     
    1449     1371    1380     
#   bondID        atomID       atomID
    1450      1381     1382     
    1451      1381     1383     
    1452      1381     1387     
    1453      1382     1384     
    1454      1382     1393     
    1455      1383     1385     
    1456      1383     1394     
    1457      1384     1386     
    1458      1384     1395     
    1459     1385     1386     
    1460     1385     1396     
    1461     1387     1388     
    1462     1387     1389     
    1463     1388     1390     
    1464     1388     1397     
    1465     1389     1391    
    1466     1389     1398     
    1467     1390     1392     
    1468     1390     1399     
    1469     1391    1392     
    1470     1391    1400     
#   bondID        atomID       atomID
    1471      1401     1402     
    1472      1401     1403     
    1473      1401     1407     
    1474      1402     1404     
    1475      1402     1413     
    1476      1403     1405     
    1477      1403     1414     
    1478      1404     1406     
    1479      1404     1415     
    1480     1405     1406     
    1481     1405     1416     
    1482     1407     1408     
    1483     1407     1409     
    1484     1408     1410     
    1485     1408     1417     
    1486     1409     1411    
    1487     1409     1418     
    1488     1410     1412     
    1489     1410     1419     
    1490     1411    1412     
    1491     1411    1420     
#   bondID        atomID       atomID
    1492      1421     1422     
    1493      1421     1423     
    1494      1421     1427     
    1495      1422     1424     
    1496      1422     1433     
    1497      1423     1425     
    1498      1423     1434     
    1499      1424     1426     
    1500      1424     1435     
    1501     1425     1426     
    1502     1425     1436     
    1503     1427     1428     
    1504     1427     1429     
    1505     1428     1430     
    1506     1428     1437     
    1507     1429     1431    
    1508     1429     1438     
    1509     1430     1432     
    1510     1430     1439     
    1511     1431    1432     
    1512     1431    1440     
#   bondID        atomID       atomID
    1513      1441     1442     
    1514      1441     1443     
    1515      1441     1447     
    1516      1442     1444     
    1517      1442     1453     
    1518      1443     1445     
    1519      1443     1454     
    1520      1444     1446     
    1521      1444     1455     
    1522     1445     1446     
    1523     1445     1456     
    1524     1447     1448     
    1525     1447     1449     
    1526     1448     1450     
    1527     1448     1457     
    1528     1449     1451    
    1529     1449     1458     
    1530     1450     1452     
    1531     1450     1459     
    1532     1451    1452     
    1533     1451    1460     
#   bondID        atomID       atomID
    1534      1461     1462     
    1535      1461     1463     
    1536      1461     1467     
    1537      1462     1464     
    1538      1462     1473     
    1539      1463     1465     
    1540      1463     1474     
    1541      1464     1466     
    1542      1464     1475     
    1543     1465     1466     
    1544     1465     1476     
    1545     1467     1468     
    1546     1467     1469     
    1547     1468     1470     
    1548     1468     1477     
    1549     1469     1471    
    1550     1469     1478     
    1551     1470     1472     
    1552     1470     1479     
    1553     1471    1472     
    1554     1471    1480     
#   bondID        atomID       atomID
    1555      1481     1482     
    1556      1481     1483     
    1557      1481     1487     
    1558      1482     1484     
    1559      1482     1493     
    1560      1483     1485     
    1561      1483     1494     
    1562      1484     1486     
    1563      1484     1495     
    1564     1485     1486     
    1565     1485     1496     
    1566     1487     1488     
    1567     1487     1489     
    1568     1488     1490     
    1569     1488     1497     
    1570     1489     1491    
    1571     1489     1498     
    1572     1490     1492     
    1573     1490     1499     
    1574     1491    1492     
    1575     1491    1500     
#   bondID        atomID       atomID
    1576      1501     1502     
    1577      1501     1503     
    1578      1501     1507     
    1579      1502     1504     
    1580      1502     1513     
    1581      1503     1505     
    1582      1503     1514     
    1583      1504     1506     
    1584      1504     1515     
    1585     1505     1506     
    1586     1505     1516     
    1587     1507     1508     
    1588     1507     1509     
    1589     1508     1510     
    1590     1508     1517     
    1591     1509     1511    
    1592     1509     1518     
    1593     1510     1512     
    1594     1510     1519     
    1595     1511    1512     
    1596     1511    1520     
#   bondID        atomID       atomID
    1597      1521     1522     
    1598      1521     1523     
    1599      1521     1527     
    1600      1522     1524     
    1601      1522     1533     
    1602      1523     1525     
    1603      1523     1534     
    1604      1524     1526     
    1605      1524     1535     
    1606     1525     1526     
    1607     1525     1536     
    1608     1527     1528     
    1609     1527     1529     
    1610     1528     1530     
    1611     1528     1537     
    1612     1529     1531    
    1613     1529     1538     
    1614     1530     1532     
    1615     1530     1539     
    1616     1531    1532     
    1617     1531    1540     
#   bondID        atomID       atomID
    1618      1541     1542     
    1619      1541     1543     
    1620      1541     1547     
    1621      1542     1544     
    1622      1542     1553     
    1623      1543     1545     
    1624      1543     1554     
    1625      1544     1546     
    1626      1544     1555     
    1627     1545     1546     
    1628     1545     1556     
    1629     1547     1548     
    1630     1547     1549     
    1631     1548     1550     
    1632     1548     1557     
    1633     1549     1551    
    1634     1549     1558     
    1635     1550     1552     
    1636     1550     1559     
    1637     1551    1552     
    1638     1551    1560     
#   bondID        atomID       atomID
    1639      1561     1562     
    1640      1561     1563     
    1641      1561     1567     
    1642      1562     1564     
    1643      1562     1573     
    1644      1563     1565     
    1645      1563     1574     
    1646      1564     1566     
    1647      1564     1575     
    1648     1565     1566     
    1649     1565     1576     
    1650     1567     1568     
    1651     1567     1569     
    1652     1568     1570     
    1653     1568     1577     
    1654     1569     1571    
    1655     1569     1578     
    1656     1570     1572     
    1657     1570     1579     
    1658     1571    1572     
    1659     1571    1580     
#   bondID        atomID       atomID
    1660      1581     1582     
    1661      1581     1583     
    1662      1581     1587     
    1663      1582     1584     
    1664      1582     1593     
    1665      1583     1585     
    1666      1583     1594     
    1667      1584     1586     
    1668      1584     1595     
    1669     1585     1586     
    1670     1585     1596     
    1671     1587     1588     
    1672     1587     1589     
    1673     1588     1590     
    1674     1588     1597     
    1675     1589     1591    
    1676     1589     1598     
    1677     1590     1592     
    1678     1590     1599     
    1679     1591    1592     
    1680     1591    1600     
#   bondID        atomID       atomID
    1681      1601     1602     
    1682      1601     1603     
    1683      1601     1607     
    1684      1602     1604     
    1685      1602     1613     
    1686      1603     1605     
    1687      1603     1614     
    1688      1604     1606     
    1689      1604     1615     
    1690     1605     1606     
    1691     1605     1616     
    1692     1607     1608     
    1693     1607     1609     
    1694     1608     1610     
    1695     1608     1617     
    1696     1609     1611    
    1697     1609     1618     
    1698     1610     1612     
    1699     1610     1619     
    1700     1611    1612     
    1701     1611    1620     
#   bondID        atomID       atomID
    1702      1621     1622     
    1703      1621     1623     
    1704      1621     1627     
    1705      1622     1624     
    1706      1622     1633     
    1707      1623     1625     
    1708      1623     1634     
    1709      1624     1626     
    1710      1624     1635     
    1711     1625     1626     
    1712     1625     1636     
    1713     1627     1628     
    1714     1627     1629     
    1715     1628     1630     
    1716     1628     1637     
    1717     1629     1631    
    1718     1629     1638     
    1719     1630     1632     
    1720     1630     1639     
    1721     1631    1632     
    1722     1631    1640     
#   bondID        atomID       atomID
    1723      1641     1642     
    1724      1641     1643     
    1725      1641     1647     
    1726      1642     1644     
    1727      1642     1653     
    1728      1643     1645     
    1729      1643     1654     
    1730      1644     1646     
    1731      1644     1655     
    1732     1645     1646     
    1733     1645     1656     
    1734     1647     1648     
    1735     1647     1649     
    1736     1648     1650     
    1737     1648     1657     
    1738     1649     1651    
    1739     1649     1658     
    1740     1650     1652     
    1741     1650     1659     
    1742     1651    1652     
    1743     1651    1660     
#   bondID        atomID       atomID
    1744      1661     1662     
    1745      1661     1663     
    1746      1661     1667     
    1747      1662     1664     
    1748      1662     1673     
    1749      1663     1665     
    1750      1663     1674     
    1751      1664     1666     
    1752      1664     1675     
    1753     1665     1666     
    1754     1665     1676     
    1755     1667     1668     
    1756     1667     1669     
    1757     1668     1670     
    1758     1668     1677     
    1759     1669     1671    
    1760     1669     1678     
    1761     1670     1672     
    1762     1670     1679     
    1763     1671    1672     
    1764     1671    1680     
#   bondID        atomID       atomID
    1765      1681     1682     
    1766      1681     1683     
    1767      1681     1687     
    1768      1682     1684     
    1769      1682     1693     
    1770      1683     1685     
    1771      1683     1694     
    1772      1684     1686     
    1773      1684     1695     
    1774     1685     1686     
    1775     1685     1696     
    1776     1687     1688     
    1777     1687     1689     
    1778     1688     1690     
    1779     1688     1697     
    1780     1689     1691    
    1781     1689     1698     
    1782     1690     1692     
    1783     1690     1699     
    1784     1691    1692     
    1785     1691    1700     
#   bondID        atomID       atomID
    1786      1701     1702     
    1787      1701     1703     
    1788      1701     1707     
    1789      1702     1704     
    1790      1702     1713     
    1791      1703     1705     
    1792      1703     1714     
    1793      1704     1706     
    1794      1704     1715     
    1795     1705     1706     
    1796     1705     1716     
    1797     1707     1708     
    1798     1707     1709     
    1799     1708     1710     
    1800     1708     1717     
    1801     1709     1711    
    1802     1709     1718     
    1803     1710     1712     
    1804     1710     1719     
    1805     1711    1712     
    1806     1711    1720     
#   bondID        atomID       atomID
    1807      1721     1722     
    1808      1721     1723     
    1809      1721     1727     
    1810      1722     1724     
    1811      1722     1733     
    1812      1723     1725     
    1813      1723     1734     
    1814      1724     1726     
    1815      1724     1735     
    1816     1725     1726     
    1817     1725     1736     
    1818     1727     1728     
    1819     1727     1729     
    1820     1728     1730     
    1821     1728     1737     
    1822     1729     1731    
    1823     1729     1738     
    1824     1730     1732     
    1825     1730     1739     
    1826     1731    1732     
    1827     1731    1740     
#   bondID        atomID       atomID
    1828      1741     1742     
    1829      1741     1743     
    1830      1741     1747     
    1831      1742     1744     
    1832      1742     1753     
    1833      1743     1745     
    1834      1743     1754     
    1835      1744     1746     
    1836      1744     1755     
    1837     1745     1746     
    1838     1745     1756     
    1839     1747     1748     
    1840     1747     1749     
    1841     1748     1750     
    1842     1748     1757     
    1843     1749     1751    
    1844     1749     1758     
    1845     1750     1752     
    1846     1750     1759     
    1847     1751    1752     
    1848     1751    1760     
#   bondID        atomID       atomID
    1849      1761     1762     
    1850      1761     1763     
    1851      1761     1767     
    1852      1762     1764     
    1853      1762     1773     
    1854      1763     1765     
    1855      1763     1774     
    1856      1764     1766     
    1857      1764     1775     
    1858     1765     1766     
    1859     1765     1776     
    1860     1767     1768     
    1861     1767     1769     
    1862     1768     1770     
    1863     1768     1777     
    1864     1769     1771    
    1865     1769     1778     
    1866     1770     1772     
    1867     1770     1779     
    1868     1771    1772     
    1869     1771    1780     
#   bondID        atomID       atomID
    1870      1781     1782     
    1871      1781     1783     
    1872      1781     1787     
    1873      1782     1784     
    1874      1782     1793     
    1875      1783     1785     
    1876      1783     1794     
    1877      1784     1786     
    1878      1784     1795     
    1879     1785     1786     
    1880     1785     1796     
    1881     1787     1788     
    1882     1787     1789     
    1883     1788     1790     
    1884     1788     1797     
    1885     1789     1791    
    1886     1789     1798     
    1887     1790     1792     
    1888     1790     1799     
    1889     1791    1792     
    1890     1791    1800     
#   bondID        atomID       atomID
    1891      1801     1802     
    1892      1801     1803     
    1893      1801     1807     
    1894      1802     1804     
    1895      1802     1813     
    1896      1803     1805     
    1897      1803     1814     
    1898      1804     1806     
    1899      1804     1815     
    1900     1805     1806     
    1901     1805     1816     
    1902     1807     1808     
    1903     1807     1809     
    1904     1808     1810     
    1905     1808     1817     
    1906     1809     1811    
    1907     1809     1818     
    1908     1810     1812     
    1909     1810     1819     
    1910     1811    1812     
    1911     1811    1820     
#   bondID        atomID       atomID
    1912      1821     1822     
    1913      1821     1823     
    1914      1821     1827     
    1915      1822     1824     
    1916      1822     1833     
    1917      1823     1825     
    1918      1823     1834     
    1919      1824     1826     
    1920      1824     1835     
    1921     1825     1826     
    1922     1825     1836     
    1923     1827     1828     
    1924     1827     1829     
    1925     1828     1830     
    1926     1828     1837     
    1927     1829     1831    
    1928     1829     1838     
    1929     1830     1832     
    1930     1830     1839     
    1931     1831    1832     
    1932     1831    1840     
#   bondID        atomID       atomID
    1933      1841     1842     
    1934      1841     1843     
    1935      1841     1847     
    1936      1842     1844     
    1937      1842     1853     
    1938      1843     1845     
    1939      1843     1854     
    1940      1844     1846     
    1941      1844     1855     
    1942     1845     1846     
    1943     1845     1856     
    1944     1847     1848     
    1945     1847     1849     
    1946     1848     1850     
    1947     1848     1857     
    1948     1849     1851    
    1949     1849     1858     
    1950     1850     1852     
    1951     1850     1859     
    1952     1851    1852     
    1953     1851    1860     
#   bondID        atomID       atomID
    1954      1861     1862     
    1955      1861     1863     
    1956      1861     1867     
    1957      1862     1864     
    1958      1862     1873     
    1959      1863     1865     
    1960      1863     1874     
    1961      1864     1866     
    1962      1864     1875     
    1963     1865     1866     
    1964     1865     1876     
    1965     1867     1868     
    1966     1867     1869     
    1967     1868     1870     
    1968     1868     1877     
    1969     1869     1871    
    1970     1869     1878     
    1971     1870     1872     
    1972     1870     1879     
    1973     1871    1872     
    1974     1871    1880     
#   bondID        atomID       atomID
    1975      1881     1882     
    1976      1881     1883     
    1977      1881     1887     
    1978      1882     1884     
    1979      1882     1893     
    1980      1883     1885     
    1981      1883     1894     
    1982      1884     1886     
    1983      1884     1895     
    1984     1885     1886     
    1985     1885     1896     
    1986     1887     1888     
    1987     1887     1889     
    1988     1888     1890     
    1989     1888     1897     
    1990     1889     1891    
    1991     1889     1898     
    1992     1890     1892     
    1993     1890     1899     
    1994     1891    1892     
    1995     1891    1900     
#   bondID        atomID       atomID
    1996      1901     1902     
    1997      1901     1903     
    1998      1901     1907     
    1999      1902     1904     
    2000      1902     1913     
    2001      1903     1905     
    2002      1903     1914     
    2003      1904     1906     
    2004      1904     1915     
    2005     1905     1906     
    2006     1905     1916     
    2007     1907     1908     
    2008     1907     1909     
    2009     1908     1910     
    2010     1908     1917     
    2011     1909     1911    
    2012     1909     1918     
    2013     1910     1912     
    2014     1910     1919     
    2015     1911    1912     
    2016     1911    1920     
#   bondID        atomID       atomID
    2017      1921     1922     
    2018      1921     1923     
    2019      1921     1927     
    2020      1922     1924     
    2021      1922     1933     
    2022      1923     1925     
    2023      1923     1934     
    2024      1924     1926     
    2025      1924     1935     
    2026     1925     1926     
    2027     1925     1936     
    2028     1927     1928     
    2029     1927     1929     
    2030     1928     1930     
    2031     1928     1937     
    2032     1929     1931    
    2033     1929     1938     
    2034     1930     1932     
    2035     1930     1939     
    2036     1931    1932     
    2037     1931    1940     
#   bondID        atomID       atomID
    2038      1941     1942     
    2039      1941     1943     
    2040      1941     1947     
    2041      1942     1944     
    2042      1942     1953     
    2043      1943     1945     
    2044      1943     1954     
    2045      1944     1946     
    2046      1944     1955     
    2047     1945     1946     
    2048     1945     1956     
    2049     1947     1948     
    2050     1947     1949     
    2051     1948     1950     
    2052     1948     1957     
    2053     1949     1951    
    2054     1949     1958     
    2055     1950     1952     
    2056     1950     1959     
    2057     1951    1952     
    2058     1951    1960     
#   bondID        atomID       atomID
    2059      1961     1962     
    2060      1961     1963     
    2061      1961     1967     
    2062      1962     1964     
    2063      1962     1973     
    2064      1963     1965     
    2065      1963     1974     
    2066      1964     1966     
    2067      1964     1975     
    2068     1965     1966     
    2069     1965     1976     
    2070     1967     1968     
    2071     1967     1969     
    2072     1968     1970     
    2073     1968     1977     
    2074     1969     1971    
    2075     1969     1978     
    2076     1970     1972     
    2077     1970     1979     
    2078     1971    1972     
    2079     1971    1980     
#   bondID        atomID       atomID
    2080      1981     1982     
    2081      1981     1983     
    2082      1981     1987     
    2083      1982     1984     
    2084      1982     1993     
    2085      1983     1985     
    2086      1983     1994     
    2087      1984     1986     
    2088      1984     1995     
    2089     1985     1986     
    2090     1985     1996     
    2091     1987     1988     
    2092     1987     1989     
    2093     1988     1990     
    2094     1988     1997     
    2095     1989     1991    
    2096     1989     1998     
    2097     1990     1992     
    2098     1990     1999     
    2099     1991    1992     
    2100     1991    2000     
#   bondID        atomID       atomID
    2101      2001     2002     
    2102      2001     2003     
    2103      2001     2007     
    2104      2002     2004     
    2105      2002     2013     
    2106      2003     2005     
    2107      2003     2014     
    2108      2004     2006     
    2109      2004     2015     
    2110     2005     2006     
    2111     2005     2016     
    2112     2007     2008     
    2113     2007     2009     
    2114     2008     2010     
    2115     2008     2017     
    2116     2009     2011    
    2117     2009     2018     
    2118     2010     2012     
    2119     2010     2019     
    2120     2011    2012     
    2121     2011    2020     
#   bondID        atomID       atomID
    2122      2021     2022     
    2123      2021     2023     
    2124      2021     2027     
    2125      2022     2024     
    2126      2022     2033     
    2127      2023     2025     
    2128      2023     2034     
    2129      2024     2026     
    2130      2024     2035     
    2131     2025     2026     
    2132     2025     2036     
    2133     2027     2028     
    2134     2027     2029     
    2135     2028     2030     
    2136     2028     2037     
    2137     2029     2031    
    2138     2029     2038     
    2139     2030     2032     
    2140     2030     2039     
    2141     2031    2032     
    2142     2031    2040     
#   bondID        atomID       atomID
    2143      2041     2042     
    2144      2041     2043     
    2145      2041     2047     
    2146      2042     2044     
    2147      2042     2053     
    2148      2043     2045     
    2149      2043     2054     
    2150      2044     2046     
    2151      2044     2055     
    2152     2045     2046     
    2153     2045     2056     
    2154     2047     2048     
    2155     2047     2049     
    2156     2048     2050     
    2157     2048     2057     
    2158     2049     2051    
    2159     2049     2058     
    2160     2050     2052     
    2161     2050     2059     
    2162     2051    2052     
    2163     2051    2060     
#   bondID        atomID       atomID
    2164      2061     2062     
    2165      2061     2063     
    2166      2061     2067     
    2167      2062     2064     
    2168      2062     2073     
    2169      2063     2065     
    2170      2063     2074     
    2171      2064     2066     
    2172      2064     2075     
    2173     2065     2066     
    2174     2065     2076     
    2175     2067     2068     
    2176     2067     2069     
    2177     2068     2070     
    2178     2068     2077     
    2179     2069     2071    
    2180     2069     2078     
    2181     2070     2072     
    2182     2070     2079     
    2183     2071    2072     
    2184     2071    2080     
#   bondID        atomID       atomID
    2185      2081     2082     
    2186      2081     2083     
    2187      2081     2087     
    2188      2082     2084     
    2189      2082     2093     
    2190      2083     2085     
    2191      2083     2094     
    2192      2084     2086     
    2193      2084     2095     
    2194     2085     2086     
    2195     2085     2096     
    2196     2087     2088     
    2197     2087     2089     
    2198     2088     2090     
    2199     2088     2097     
    2200     2089     2091    
    2201     2089     2098     
    2202     2090     2092     
    2203     2090     2099     
    2204     2091    2092     
    2205     2091    2100     
#   bondID        atomID       atomID
    2206      2101     2102     
    2207      2101     2103     
    2208      2101     2107     
    2209      2102     2104     
    2210      2102     2113     
    2211      2103     2105     
    2212      2103     2114     
    2213      2104     2106     
    2214      2104     2115     
    2215     2105     2106     
    2216     2105     2116     
    2217     2107     2108     
    2218     2107     2109     
    2219     2108     2110     
    2220     2108     2117     
    2221     2109     2111    
    2222     2109     2118     
    2223     2110     2112     
    2224     2110     2119     
    2225     2111    2112     
    2226     2111    2120     
#   bondID        atomID       atomID
    2227      2121     2122     
    2228      2121     2123     
    2229      2121     2127     
    2230      2122     2124     
    2231      2122     2133     
    2232      2123     2125     
    2233      2123     2134     
    2234      2124     2126     
    2235      2124     2135     
    2236     2125     2126     
    2237     2125     2136     
    2238     2127     2128     
    2239     2127     2129     
    2240     2128     2130     
    2241     2128     2137     
    2242     2129     2131    
    2243     2129     2138     
    2244     2130     2132     
    2245     2130     2139     
    2246     2131    2132     
    2247     2131    2140     
#   bondID        atomID       atomID
    2248      2141     2142     
    2249      2141     2143     
    2250      2141     2147     
    2251      2142     2144     
    2252      2142     2153     
    2253      2143     2145     
    2254      2143     2154     
    2255      2144     2146     
    2256      2144     2155     
    2257     2145     2146     
    2258     2145     2156     
    2259     2147     2148     
    2260     2147     2149     
    2261     2148     2150     
    2262     2148     2157     
    2263     2149     2151    
    2264     2149     2158     
    2265     2150     2152     
    2266     2150     2159     
    2267     2151    2152     
    2268     2151    2160     
#   bondID        atomID       atomID
    2269      2161     2162     
    2270      2161     2163     
    2271      2161     2167     
    2272      2162     2164     
    2273      2162     2173     
    2274      2163     2165     
    2275      2163     2174     
    2276      2164     2166     
    2277      2164     2175     
    2278     2165     2166     
    2279     2165     2176     
    2280     2167     2168     
    2281     2167     2169     
    2282     2168     2170     
    2283     2168     2177     
    2284     2169     2171    
    2285     2169     2178     
    2286     2170     2172     
    2287     2170     2179     
    2288     2171    2172     
    2289     2171    2180     
#   bondID        atomID       atomID
    2290      2181     2182     
    2291      2181     2183     
    2292      2181     2187     
    2293      2182     2184     
    2294      2182     2193     
    2295      2183     2185     
    2296      2183     2194     
    2297      2184     2186     
    2298      2184     2195     
    2299     2185     2186     
    2300     2185     2196     
    2301     2187     2188     
    2302     2187     2189     
    2303     2188     2190     
    2304     2188     2197     
    2305     2189     2191    
    2306     2189     2198     
    2307     2190     2192     
    2308     2190     2199     
    2309     2191    2192     
    2310     2191    2200     
#   bondID        atomID       atomID
    2311      2201     2202     
    2312      2201     2203     
    2313      2201     2207     
    2314      2202     2204     
    2315      2202     2213     
    2316      2203     2205     
    2317      2203     2214     
    2318      2204     2206     
    2319      2204     2215     
    2320     2205     2206     
    2321     2205     2216     
    2322     2207     2208     
    2323     2207     2209     
    2324     2208     2210     
    2325     2208     2217     
    2326     2209     2211    
    2327     2209     2218     
    2328     2210     2212     
    2329     2210     2219     
    2330     2211    2212     
    2331     2211    2220     
#   bondID        atomID       atomID
    2332      2221     2222     
    2333      2221     2223     
    2334      2221     2227     
    2335      2222     2224     
    2336      2222     2233     
    2337      2223     2225     
    2338      2223     2234     
    2339      2224     2226     
    2340      2224     2235     
    2341     2225     2226     
    2342     2225     2236     
    2343     2227     2228     
    2344     2227     2229     
    2345     2228     2230     
    2346     2228     2237     
    2347     2229     2231    
    2348     2229     2238     
    2349     2230     2232     
    2350     2230     2239     
    2351     2231    2232     
    2352     2231    2240     
#   bondID        atomID       atomID
    2353      2241     2242     
    2354      2241     2243     
    2355      2241     2247     
    2356      2242     2244     
    2357      2242     2253     
    2358      2243     2245     
    2359      2243     2254     
    2360      2244     2246     
    2361      2244     2255     
    2362     2245     2246     
    2363     2245     2256     
    2364     2247     2248     
    2365     2247     2249     
    2366     2248     2250     
    2367     2248     2257     
    2368     2249     2251    
    2369     2249     2258     
    2370     2250     2252     
    2371     2250     2259     
    2372     2251    2252     
    2373     2251    2260     
#   bondID        atomID       atomID
    2374      2261     2262     
    2375      2261     2263     
    2376      2261     2267     
    2377      2262     2264     
    2378      2262     2273     
    2379      2263     2265     
    2380      2263     2274     
    2381      2264     2266     
    2382      2264     2275     
    2383     2265     2266     
    2384     2265     2276     
    2385     2267     2268     
    2386     2267     2269     
    2387     2268     2270     
    2388     2268     2277     
    2389     2269     2271    
    2390     2269     2278     
    2391     2270     2272     
    2392     2270     2279     
    2393     2271    2272     
    2394     2271    2280     
#   bondID        atomID       atomID
    2395      2281     2282     
    2396      2281     2283     
    2397      2281     2287     
    2398      2282     2284     
    2399      2282     2293     
    2400      2283     2285     
    2401      2283     2294     
    2402      2284     2286     
    2403      2284     2295     
    2404     2285     2286     
    2405     2285     2296     
    2406     2287     2288     
    2407     2287     2289     
    2408     2288     2290     
    2409     2288     2297     
    2410     2289     2291    
    2411     2289     2298     
    2412     2290     2292     
    2413     2290     2299     
    2414     2291    2292     
    2415     2291    2300     
#   bondID        atomID       atomID
    2416      2301     2302     
    2417      2301     2303     
    2418      2301     2307     
    2419      2302     2304     
    2420      2302     2313     
    2421      2303     2305     
    2422      2303     2314     
    2423      2304     2306     
    2424      2304     2315     
    2425     2305     2306     
    2426     2305     2316     
    2427     2307     2308     
    2428     2307     2309     
    2429     2308     2310     
    2430     2308     2317     
    2431     2309     2311    
    2432     2309     2318     
    2433     2310     2312     
    2434     2310     2319     
    2435     2311    2312     
    2436     2311    2320     
#   bondID        atomID       atomID
    2437      2321     2322     
    2438      2321     2323     
    2439      2321     2327     
    2440      2322     2324     
    2441      2322     2333     
    2442      2323     2325     
    2443      2323     2334     
    2444      2324     2326     
    2445      2324     2335     
    2446     2325     2326     
    2447     2325     2336     
    2448     2327     2328     
    2449     2327     2329     
    2450     2328     2330     
    2451     2328     2337     
    2452     2329     2331    
    2453     2329     2338     
    2454     2330     2332     
    2455     2330     2339     
    2456     2331    2332     
    2457     2331    2340     
#   bondID        atomID       atomID
    2458      2341     2342     
    2459      2341     2343     
    2460      2341     2347     
    2461      2342     2344     
    2462      2342     2353     
    2463      2343     2345     
    2464      2343     2354     
    2465      2344     2346     
    2466      2344     2355     
    2467     2345     2346     
    2468     2345     2356     
    2469     2347     2348     
    2470     2347     2349     
    2471     2348     2350     
    2472     2348     2357     
    2473     2349     2351    
    2474     2349     2358     
    2475     2350     2352     
    2476     2350     2359     
    2477     2351    2352     
    2478     2351    2360     
#   bondID        atomID       atomID
    2479      2361     2362     
    2480      2361     2363     
    2481      2361     2367     
    2482      2362     2364     
    2483      2362     2373     
    2484      2363     2365     
    2485      2363     2374     
    2486      2364     2366     
    2487      2364     2375     
    2488     2365     2366     
    2489     2365     2376     
    2490     2367     2368     
    2491     2367     2369     
    2492     2368     2370     
    2493     2368     2377     
    2494     2369     2371    
    2495     2369     2378     
    2496     2370     2372     
    2497     2370     2379     
    2498     2371    2372     
    2499     2371    2380     
#   bondID        atomID       atomID
    2500      2381     2382     
    2501      2381     2383     
    2502      2381     2387     
    2503      2382     2384     
    2504      2382     2393     
    2505      2383     2385     
    2506      2383     2394     
    2507      2384     2386     
    2508      2384     2395     
    2509     2385     2386     
    2510     2385     2396     
    2511     2387     2388     
    2512     2387     2389     
    2513     2388     2390     
    2514     2388     2397     
    2515     2389     2391    
    2516     2389     2398     
    2517     2390     2392     
    2518     2390     2399     
    2519     2391    2392     
    2520     2391    2400     
#   bondID        atomID       atomID
    2521      2401     2402     
    2522      2401     2403     
    2523      2401     2407     
    2524      2402     2404     
    2525      2402     2413     
    2526      2403     2405     
    2527      2403     2414     
    2528      2404     2406     
    2529      2404     2415     
    2530     2405     2406     
    2531     2405     2416     
    2532     2407     2408     
    2533     2407     2409     
    2534     2408     2410     
    2535     2408     2417     
    2536     2409     2411    
    2537     2409     2418     
    2538     2410     2412     
    2539     2410     2419     
    2540     2411    2412     
    2541     2411    2420     
#   bondID        atomID       atomID
    2542      2421     2422     
    2543      2421     2423     
    2544      2421     2427     
    2545      2422     2424     
    2546      2422     2433     
    2547      2423     2425     
    2548      2423     2434     
    2549      2424     2426     
    2550      2424     2435     
    2551     2425     2426     
    2552     2425     2436     
    2553     2427     2428     
    2554     2427     2429     
    2555     2428     2430     
    2556     2428     2437     
    2557     2429     2431    
    2558     2429     2438     
    2559     2430     2432     
    2560     2430     2439     
    2561     2431    2432     
    2562     2431    2440     
#   bondID        atomID       atomID
    2563      2441     2442     
    2564      2441     2443     
    2565      2441     2447     
    2566      2442     2444     
    2567      2442     2453     
    2568      2443     2445     
    2569      2443     2454     
    2570      2444     2446     
    2571      2444     2455     
    2572     2445     2446     
    2573     2445     2456     
    2574     2447     2448     
    2575     2447     2449     
    2576     2448     2450     
    2577     2448     2457     
    2578     2449     2451    
    2579     2449     2458     
    2580     2450     2452     
    2581     2450     2459     
    2582     2451    2452     
    2583     2451    2460     
#   bondID        atomID       atomID
    2584      2461     2462     
    2585      2461     2463     
    2586      2461     2467     
    2587      2462     2464     
    2588      2462     2473     
    2589      2463     2465     
    2590      2463     2474     
    2591      2464     2466     
    2592      2464     2475     
    2593     2465     2466     
    2594     2465     2476     
    2595     2467     2468     
    2596     2467     2469     
    2597     2468     2470     
    2598     2468     2477     
    2599     2469     2471    
    2600     2469     2478     
    2601     2470     2472     
    2602     2470     2479     
    2603     2471    2472     
    2604     2471    2480     
#   bondID        atomID       atomID
    2605      2481     2482     
    2606      2481     2483     
    2607      2481     2487     
    2608      2482     2484     
    2609      2482     2493     
    2610      2483     2485     
    2611      2483     2494     
    2612      2484     2486     
    2613      2484     2495     
    2614     2485     2486     
    2615     2485     2496     
    2616     2487     2488     
    2617     2487     2489     
    2618     2488     2490     
    2619     2488     2497     
    2620     2489     2491    
    2621     2489     2498     
    2622     2490     2492     
    2623     2490     2499     
    2624     2491    2492     
    2625     2491    2500     
#   bondID        atomID       atomID
    2626      2501     2502     
    2627      2501     2503     
    2628      2501     2507     
    2629      2502     2504     
    2630      2502     2513     
    2631      2503     2505     
    2632      2503     2514     
    2633      2504     2506     
    2634      2504     2515     
    2635     2505     2506     
    2636     2505     2516     
    2637     2507     2508     
    2638     2507     2509     
    2639     2508     2510     
    2640     2508     2517     
    2641     2509     2511    
    2642     2509     2518     
    2643     2510     2512     
    2644     2510     2519     
    2645     2511    2512     
    2646     2511    2520     
#   bondID        atomID       atomID
    2647      2521     2522     
    2648      2521     2523     
    2649      2521     2527     
    2650      2522     2524     
    2651      2522     2533     
    2652      2523     2525     
    2653      2523     2534     
    2654      2524     2526     
    2655      2524     2535     
    2656     2525     2526     
    2657     2525     2536     
    2658     2527     2528     
    2659     2527     2529     
    2660     2528     2530     
    2661     2528     2537     
    2662     2529     2531    
    2663     2529     2538     
    2664     2530     2532     
    2665     2530     2539     
    2666     2531    2532     
    2667     2531    2540     
#   bondID        atomID       atomID
    2668      2541     2542     
    2669      2541     2543     
    2670      2541     2547     
    2671      2542     2544     
    2672      2542     2553     
    2673      2543     2545     
    2674      2543     2554     
    2675      2544     2546     
    2676      2544     2555     
    2677     2545     2546     
    2678     2545     2556     
    2679     2547     2548     
    2680     2547     2549     
    2681     2548     2550     
    2682     2548     2557     
    2683     2549     2551    
    2684     2549     2558     
    2685     2550     2552     
    2686     2550     2559     
    2687     2551    2552     
    2688     2551    2560     
