    1 30 52 30
    2 30 30 52
    3 34 2 34
    4 34 2 2
    5 2 2 2
    6 2 2 3
    7 2 2 4
    8 2 2 5
    9 2 2 33
    10 2 2 32
    11 2 2 24
    12 2 2 25
    13 2 2 35
    14 2 2 37
    15 2 2 38
    16 2 2 39
    17 2 2 40
    18 2 2 36
    19 2 2 41
    20 2 2 47
    21 2 2 48
    22 2 2 49
    23 2 2 50
    24 2 2 51
    25 2 2 53
    26 2 2 54
    27 2 2 55
    28 2 2 56
    29 2 2 66
    30 2 2 67
    31 2 2 64
    32 2 2 68
    33 2 2 69
    34 3 2 3
    35 3 2 10
    36 3 2 37
    37 3 2 49
    38 3 2 65
    39 4 2 4
    40 4 2 12
    41 4 2 37
    42 5 2 5
    43 1 2 2
    44 12 2 24
    45 13 2 24
    46 33 2 33
    47 32 2 32
    48 35 2 35
    49 37 2 37
    50 37 2 39
    51 37 2 47
    52 37 2 51
    53 37 2 54
    54 37 2 69
    55 38 2 38
    56 38 2 49
    57 38 2 64
    58 39 2 39
    59 40 2 40
    60 41 2 41
    61 45 2 49
    62 45 2 64
    63 46 2 49
    64 47 2 47
    65 36 2 36
    66 48 2 48
    67 50 2 50
    68 49 2 49
    69 51 2 51
    70 53 2 53
    71 54 2 54
    72 55 2 55
    73 56 2 56
    74 65 2 65
    75 66 2 66
    76 67 2 67
    77 68 2 68
    78 64 2 64
    79 69 2 69
    80 34 3 34
    81 34 3 3
    82 34 3 4
    83 34 3 10
    84 34 3 22
    85 34 3 24
    86 2 3 2
    87 2 3 3
    88 2 3 4
    89 2 3 32
    90 2 3 24
    91 3 3 3
    92 3 3 4
    93 3 3 5
    94 3 3 8
    95 3 3 9
    96 3 3 33
    97 3 3 14
    98 3 3 15
    99 3 3 32
    100 3 3 22
    101 3 3 24
    102 3 3 25
    103 3 3 31
    104 3 3 35
    105 3 3 37
    106 3 3 38
    107 3 3 39
    108 3 3 40
    109 3 3 36
    110 3 3 41
    111 3 3 47
    112 3 3 48
    113 3 3 49
    114 3 3 50
    115 3 3 51
    116 3 3 53
    117 3 3 54
    118 3 3 55
    119 3 3 56
    120 3 3 66
    121 3 3 67
    122 3 3 64
    123 3 3 68
    124 3 3 69
    125 4 3 4
    126 4 3 8
    127 4 3 9
    128 4 3 10
    129 4 3 11
    130 4 3 22
    131 4 3 24
    132 4 3 25
    133 4 3 38
    134 4 3 36
    135 4 3 41
    136 4 3 45
    137 4 3 46
    138 4 3 47
    139 4 3 49
    140 4 3 50
    141 4 3 51
    142 4 3 53
    143 4 3 64
    144 4 3 69
    145 5 3 5
    146 5 3 25
    147 1 3 3
    148 1 3 4
    149 1 3 1
    150 8 3 22
    151 8 3 24
    152 8 3 47
    153 8 3 49
    154 9 3 24
    155 10 3 33
    156 10 3 22
    157 10 3 24
    158 10 3 41
    159 10 3 47
    160 10 3 48
    161 10 3 49
    162 10 3 50
    163 10 3 51
    164 11 3 24
    165 1 3 24
    166 1 3 25
    167 33 3 33
    168 33 3 22
    169 33 3 24
    170 14 3 24
    171 32 3 32
    172 32 3 24
    173 22 3 38
    174 22 3 36
    175 22 3 41
    176 22 3 45
    177 22 3 47
    178 22 3 48
    179 22 3 51
    180 22 3 69
    181 23 3 38
    182 23 3 41
    183 23 3 45
    184 23 3 47
    185 24 3 24
    186 24 3 37
    187 24 3 38
    188 24 3 39
    189 24 3 36
    190 24 3 41
    191 24 3 45
    192 24 3 46
    193 24 3 47
    194 24 3 48
    195 24 3 49
    196 24 3 50
    197 24 3 51
    198 24 3 53
    199 24 3 54
    200 24 3 55
    201 24 3 56
    202 24 3 60
    203 24 3 61
    204 24 3 65
    205 24 3 66
    206 24 3 64
    207 24 3 67
    208 24 3 68
    209 24 3 69
    210 25 3 25
    211 25 3 38
    212 25 3 36
    213 25 3 41
    214 25 3 47
    215 25 3 48
    216 25 3 50
    217 25 3 51
    218 25 3 54
    219 25 3 56
    220 25 3 66
    221 25 3 67
    222 25 3 68
    223 25 3 69
    224 31 3 40
    225 35 3 35
    226 37 3 37
    227 38 3 38
    228 38 3 40
    229 38 3 41
    230 38 3 47
    231 38 3 50
    232 38 3 51
    233 38 3 69
    234 39 3 39
    235 40 3 40
    236 40 3 69
    237 41 3 41
    238 45 3 47
    239 45 3 51
    240 45 3 69
    241 46 3 47
    242 47 3 47
    243 47 3 50
    244 47 3 51
    245 47 3 69
    246 36 3 38
    247 36 3 36
    248 36 3 41
    249 36 3 45
    250 36 3 47
    251 48 3 48
    252 36 3 69
    253 50 3 50
    254 49 3 49
    255 49 3 50
    256 49 3 64
    257 51 3 51
    258 53 3 53
    259 54 3 54
    260 56 3 56
    261 66 3 66
    262 66 3 67
    263 67 3 67
    264 68 3 68
    265 68 3 69
    266 64 3 64
    267 69 3 69
    268 34 4 34
    269 34 4 2
    270 34 4 4
    271 34 4 1
    272 34 4 19
    273 34 4 20
    274 34 4 25
    275 2 4 2
    276 2 4 3
    277 2 4 4
    278 2 4 5
    279 2 4 8
    280 2 4 9
    281 2 4 33
    282 2 4 19
    283 2 4 25
    284 2 4 31
    285 2 4 39
    286 2 4 40
    287 2 4 36
    288 2 4 47
    289 2 4 50
    290 2 4 51
    291 3 4 3
    292 3 4 4
    293 3 4 5
    294 3 4 8
    295 3 4 9
    296 3 4 10
    297 3 4 11
    298 3 4 33
    299 3 4 14
    300 3 4 15
    301 3 4 32
    302 3 4 19
    303 3 4 20
    304 3 4 25
    305 3 4 31
    306 3 4 38
    307 3 4 39
    308 3 4 36
    309 3 4 41
    310 3 4 47
    311 3 4 50
    312 3 4 51
    313 3 4 66
    314 3 4 69
    315 4 4 4
    316 4 4 5
    317 4 4 8
    318 4 4 9
    319 4 4 10
    320 4 4 11
    321 4 4 33
    322 4 4 14
    323 4 4 15
    324 4 4 32
    325 4 4 19
    326 4 4 20
    327 4 4 25
    328 4 4 31
    329 4 4 35
    330 4 4 37
    331 4 4 38
    332 4 4 39
    333 4 4 40
    334 4 4 36
    335 4 4 41
    336 4 4 47
    337 4 4 48
    338 4 4 49
    339 4 4 50
    340 4 4 51
    341 4 4 54
    342 4 4 56
    343 4 4 66
    344 4 4 67
    345 4 4 68
    346 4 4 69
    347 4 4 71
    348 5 4 5
    349 5 4 8
    350 5 4 9
    351 5 4 10
    352 5 4 33
    353 5 4 14
    354 5 4 32
    355 5 4 19
    356 5 4 20
    357 5 4 25
    358 5 4 31
    359 5 4 38
    360 5 4 39
    361 5 4 40
    362 5 4 36
    363 5 4 41
    364 5 4 43
    365 5 4 44
    366 5 4 47
    367 5 4 50
    368 5 4 51
    369 5 4 56
    370 5 4 67
    371 5 4 69
    372 5 4 70
    373 1 4 2
    374 1 4 3
    375 1 4 4
    376 1 4 1
    377 1 4 5
    378 1 4 8
    379 8 4 8
    380 8 4 9
    381 8 4 14
    382 1 4 9
    383 1 4 10
    384 8 4 32
    385 8 4 19
    386 8 4 25
    387 8 4 31
    388 1 4 33
    389 8 4 38
    390 8 4 39
    391 8 4 40
    392 8 4 36
    393 8 4 41
    394 8 4 43
    395 8 4 47
    396 8 4 50
    397 8 4 51
    398 8 4 56
    399 8 4 68
    400 8 4 69
    401 1 4 14
    402 9 4 9
    403 9 4 32
    404 9 4 19
    405 9 4 25
    406 9 4 39
    407 9 4 36
    408 9 4 44
    409 9 4 47
    410 9 4 50
    411 9 4 51
    412 9 4 68
    413 9 4 69
    414 10 4 10
    415 10 4 15
    416 10 4 19
    417 10 4 25
    418 10 4 39
    419 10 4 36
    420 10 4 50
    421 10 4 51
    422 10 4 69
    423 1 4 32
    424 11 4 15
    425 11 4 19
    426 11 4 25
    427 11 4 39
    428 1 4 19
    429 1 4 20
    430 1 4 25
    431 1 4 31
    432 33 4 33
    433 33 4 32
    434 33 4 19
    435 33 4 20
    436 33 4 25
    437 33 4 51
    438 33 4 69
    439 1 4 38
    440 1 4 39
    441 1 4 40
    442 1 4 36
    443 1 4 41
    444 1 4 47
    445 1 4 50
    446 1 4 51
    447 1 4 56
    448 1 4 67
    449 1 4 68
    450 1 4 69
    451 14 4 14
    452 14 4 19
    453 14 4 25
    454 14 4 31
    455 14 4 39
    456 14 4 40
    457 14 4 36
    458 14 4 50
    459 14 4 51
    460 15 4 19
    461 15 4 25
    462 15 4 39
    463 15 4 50
    464 15 4 51
    465 32 4 32
    466 32 4 19
    467 32 4 20
    468 32 4 21
    469 32 4 25
    470 32 4 38
    471 32 4 51
    472 32 4 56
    473 32 4 67
    474 32 4 69
    475 19 4 19
    476 19 4 37
    477 19 4 38
    478 19 4 39
    479 19 4 36
    480 19 4 41
    481 19 4 43
    482 19 4 44
    483 19 4 47
    484 19 4 48
    485 19 4 49
    486 19 4 50
    487 19 4 51
    488 19 4 56
    489 19 4 66
    490 19 4 64
    491 19 4 67
    492 19 4 68
    493 19 4 69
    494 19 4 70
    495 19 4 71
    496 20 4 20
    497 20 4 35
    498 20 4 38
    499 20 4 39
    500 20 4 36
    501 20 4 41
    502 20 4 43
    503 20 4 44
    504 20 4 47
    505 20 4 48
    506 20 4 49
    507 20 4 50
    508 20 4 51
    509 20 4 66
    510 20 4 64
    511 20 4 67
    512 20 4 68
    513 20 4 69
    514 21 4 39
    515 21 4 43
    516 21 4 44
    517 21 4 47
    518 21 4 51
    519 21 4 69
    520 25 4 25
    521 25 4 35
    522 25 4 38
    523 25 4 39
    524 25 4 40
    525 25 4 36
    526 25 4 41
    527 25 4 47
    528 25 4 48
    529 25 4 50
    530 25 4 51
    531 25 4 53
    532 25 4 54
    533 25 4 55
    534 25 4 56
    535 25 4 62
    536 25 4 63
    537 25 4 66
    538 25 4 67
    539 25 4 68
    540 25 4 69
    541 31 4 31
    542 31 4 40
    543 35 4 35
    544 37 4 37
    545 38 4 38
    546 38 4 47
    547 38 4 50
    548 38 4 51
    549 39 4 39
    550 39 4 43
    551 39 4 44
    552 39 4 47
    553 39 4 50
    554 39 4 51
    555 39 4 56
    556 39 4 69
    557 40 4 40
    558 41 4 41
    559 41 4 51
    560 43 4 43
    561 43 4 47
    562 43 4 51
    563 44 4 44
    564 44 4 47
    565 44 4 51
    566 47 4 47
    567 47 4 50
    568 47 4 51
    569 47 4 56
    570 47 4 69
    571 36 4 38
    572 36 4 39
    573 36 4 36
    574 36 4 47
    575 36 4 50
    576 48 4 48
    577 36 4 51
    578 36 4 56
    579 50 4 50
    580 50 4 51
    581 50 4 56
    582 50 4 68
    583 49 4 49
    584 51 4 51
    585 51 4 56
    586 51 4 69
    587 53 4 53
    588 54 4 54
    589 56 4 56
    590 56 4 69
    591 66 4 66
    592 66 4 67
    593 67 4 67
    594 68 4 68
    595 68 4 69
    596 64 4 64
    597 69 4 69
    598 34 5 34
    599 34 5 5
    600 2 5 2
    601 2 5 5
    602 3 5 3
    603 3 5 5
    604 4 5 3
    605 4 5 4
    606 4 5 5
    607 4 5 6
    608 4 5 7
    609 4 5 41
    610 4 5 42
    611 5 5 5
    612 5 5 8
    613 5 5 9
    614 5 5 10
    615 5 5 11
    616 5 5 12
    617 5 5 13
    618 5 5 33
    619 5 5 6
    620 5 5 7
    621 5 5 14
    622 5 5 15
    623 5 5 32
    624 5 5 22
    625 5 5 24
    626 5 5 35
    627 5 5 37
    628 5 5 38
    629 5 5 40
    630 5 5 36
    631 5 5 41
    632 5 5 42
    633 5 5 43
    634 5 5 44
    635 5 5 45
    636 5 5 46
    637 5 5 47
    638 5 5 48
    639 5 5 49
    640 5 5 50
    641 5 5 51
    642 5 5 53
    643 5 5 54
    644 5 5 55
    645 5 5 56
    646 5 5 60
    647 5 5 61
    648 5 5 62
    649 5 5 63
    650 5 5 66
    651 5 5 67
    652 5 5 64
    653 5 5 68
    654 5 5 69
    655 5 5 70
    656 5 5 71
    657 1 5 4
    658 1 5 1
    659 1 5 5
    660 8 5 6
    661 8 5 42
    662 9 5 42
    663 10 5 41
    664 10 5 42
    665 11 5 42
    666 12 5 6
    667 1 5 24
    668 33 5 33
    669 33 5 6
    670 33 5 42
    671 1 5 42
    672 1 5 43
    673 1 5 44
    674 6 5 32
    675 6 5 22
    676 6 5 24
    677 6 5 41
    678 6 5 42
    679 6 5 47
    680 6 5 50
    681 6 5 69
    682 6 5 71
    683 7 5 24
    684 7 5 71
    685 32 5 32
    686 32 5 42
    687 22 5 36
    688 22 5 41
    689 22 5 42
    690 22 5 43
    691 22 5 44
    692 22 5 51
    693 22 5 69
    694 23 5 42
    695 23 5 43
    696 23 5 44
    697 24 5 38
    698 24 5 53
    699 35 5 35
    700 37 5 37
    701 38 5 38
    702 38 5 41
    703 40 5 40
    704 41 5 41
    705 41 5 42
    706 41 5 47
    707 42 5 42
    708 42 5 43
    709 42 5 44
    710 42 5 47
    711 42 5 50
    712 42 5 51
    713 42 5 68
    714 42 5 69
    715 43 5 43
    716 43 5 47
    717 44 5 44
    718 44 5 47
    719 47 5 47
    720 36 5 43
    721 36 5 44
    722 36 5 47
    723 48 5 48
    724 50 5 50
    725 49 5 49
    726 51 5 51
    727 53 5 53
    728 54 5 54
    729 56 5 56
    730 66 5 66
    731 67 5 67
    732 68 5 68
    733 64 5 64
    734 69 5 69
    735 34 1 34
    736 34 1 4
    737 34 1 49
    738 2 1 2
    739 2 1 49
    740 3 1 3
    741 3 1 24
    742 3 1 49
    743 3 1 64
    744 4 1 4
    745 4 1 5
    746 4 1 8
    747 4 1 9
    748 4 1 10
    749 4 1 11
    750 4 1 12
    751 4 1 13
    752 4 1 33
    753 4 1 32
    754 4 1 22
    755 4 1 24
    756 4 1 35
    757 4 1 38
    758 4 1 40
    759 4 1 36
    760 4 1 45
    761 4 1 46
    762 4 1 49
    763 4 1 50
    764 4 1 51
    765 4 1 54
    766 4 1 56
    767 4 1 60
    768 4 1 61
    769 4 1 62
    770 4 1 63
    771 4 1 66
    772 4 1 67
    773 4 1 64
    774 4 1 68
    775 4 1 69
    776 4 1 70
    777 4 1 71
    778 5 1 5
    779 5 1 8
    780 5 1 9
    781 5 1 10
    782 5 1 11
    783 5 1 22
    784 5 1 24
    785 5 1 36
    786 5 1 45
    787 5 1 49
    788 5 1 50
    789 5 1 51
    790 5 1 64
    791 5 1 68
    792 5 1 69
    793 34 8 1
    794 34 8 8
    795 34 8 9
    796 34 8 41
    797 3 8 4
    798 3 8 5
    799 3 8 8
    800 3 8 9
    801 3 8 24
    802 3 8 36
    803 3 8 51
    804 1 1 4
    805 4 8 5
    806 4 8 8
    807 4 8 9
    808 4 8 11
    809 4 8 24
    810 4 8 38
    811 4 8 36
    812 4 8 41
    813 4 8 43
    814 4 8 44
    815 4 8 51
    816 4 8 69
    817 1 1 1
    818 1 1 5
    819 5 8 8
    820 5 8 9
    821 5 8 10
    822 5 8 22
    823 5 8 24
    824 5 8 36
    825 5 8 43
    826 5 8 44
    827 5 8 47
    828 5 8 50
    829 5 8 51
    830 5 8 69
    831 1 8 3
    832 1 8 4
    833 1 8 1
    834 1 1 8
    835 1 8 5
    836 1 8 8
    837 8 1 8
    838 8 8 8
    839 8 8 9
    840 8 8 10
    841 8 8 11
    842 8 8 12
    843 1 8 9
    844 8 1 9
    845 1 8 10
    846 8 1 10
    847 8 8 32
    848 1 8 12
    849 8 8 22
    850 8 8 24
    851 1 8 33
    852 8 8 38
    853 8 8 36
    854 8 8 41
    855 8 8 43
    856 8 8 44
    857 8 8 47
    858 8 8 50
    859 8 8 51
    860 8 8 59
    861 8 8 69
    862 8 8 71
    863 1 1 9
    864 9 8 9
    865 9 8 10
    866 9 8 33
    867 9 8 32
    868 9 8 22
    869 9 8 24
    870 9 8 36
    871 9 8 41
    872 9 8 43
    873 9 8 47
    874 9 8 48
    875 9 8 50
    876 9 8 51
    877 9 8 69
    878 9 8 71
    879 10 8 41
    880 10 8 43
    881 10 8 44
    882 10 8 51
    883 10 8 69
    884 1 8 32
    885 12 8 41
    886 12 8 69
    887 8 1 22
    888 1 8 24
    889 33 8 41
    890 33 8 44
    891 33 8 69
    892 1 8 38
    893 1 8 36
    894 8 1 36
    895 1 8 43
    896 8 1 44
    897 1 8 44
    898 1 8 45
    899 8 1 49
    900 1 8 50
    901 8 1 50
    902 1 8 51
    903 8 1 51
    904 8 1 64
    905 8 1 69
    906 14 8 44
    907 14 8 51
    908 9 1 9
    909 9 1 14
    910 9 1 36
    911 9 1 43
    912 9 1 44
    913 9 1 49
    914 9 1 50
    915 9 1 51
    916 10 1 10
    917 10 1 11
    918 10 1 14
    919 10 1 22
    920 10 1 24
    921 10 1 36
    922 10 1 49
    923 10 1 50
    924 10 1 51
    925 10 1 64
    926 10 1 69
    927 11 1 11
    928 11 1 24
    929 11 1 36
    930 11 1 49
    931 11 1 50
    932 11 1 51
    933 11 1 64
    934 12 1 12
    935 12 1 24
    936 12 1 49
    937 1 1 22
    938 22 8 36
    939 22 8 41
    940 22 8 43
    941 22 8 44
    942 22 8 51
    943 22 8 69
    944 23 8 36
    945 23 8 41
    946 23 8 43
    947 23 8 44
    948 23 8 51
    949 23 8 69
    950 1 1 24
    951 24 8 41
    952 24 8 43
    953 24 8 44
    954 24 8 51
    955 24 8 59
    956 24 8 69
    957 13 1 13
    958 13 1 24
    959 13 1 49
    960 33 1 33
    961 33 1 32
    962 33 1 24
    963 33 1 49
    964 33 1 64
    965 1 1 36
    966 41 8 43
    967 41 8 44
    968 41 8 48
    969 41 8 50
    970 41 8 70
    971 41 8 71
    972 43 8 44
    973 43 8 47
    974 43 8 48
    975 43 8 69
    976 44 8 44
    977 44 8 45
    978 44 8 47
    979 44 8 48
    980 44 8 50
    981 44 8 51
    982 44 8 68
    983 44 8 69
    984 44 8 70
    985 44 8 71
    986 45 8 69
    987 47 8 47
    988 47 8 51
    989 47 8 69
    990 36 8 38
    991 36 8 41
    992 36 8 43
    993 36 8 44
    994 36 8 47
    995 48 8 51
    996 48 8 69
    997 36 8 69
    998 1 1 49
    999 1 1 50
    1000 1 1 51
    1001 51 8 69
    1002 69 8 69
    1003 69 8 71
    1004 14 1 14
    1005 14 1 36
    1006 14 1 49
    1007 14 1 50
    1008 14 1 51
    1009 15 1 15
    1010 15 1 36
    1011 15 1 49
    1012 15 1 50
    1013 15 1 51
    1014 3 9 4
    1015 3 9 5
    1016 3 9 8
    1017 3 9 9
    1018 3 9 24
    1019 3 9 36
    1020 3 9 51
    1021 4 9 5
    1022 4 9 8
    1023 4 9 9
    1024 4 9 10
    1025 4 9 24
    1026 4 9 38
    1027 4 9 36
    1028 4 9 41
    1029 4 9 43
    1030 4 9 44
    1031 4 9 51
    1032 4 9 69
    1033 5 9 8
    1034 5 9 9
    1035 5 9 10
    1036 5 9 22
    1037 5 9 24
    1038 5 9 36
    1039 5 9 41
    1040 5 9 43
    1041 5 9 44
    1042 5 9 50
    1043 5 9 51
    1044 5 9 69
    1045 1 9 3
    1046 1 9 4
    1047 1 9 1
    1048 1 9 5
    1049 1 9 8
    1050 8 9 8
    1051 8 9 9
    1052 8 9 11
    1053 8 9 13
    1054 8 9 33
    1055 8 9 15
    1056 1 9 9
    1057 1 9 11
    1058 8 9 22
    1059 8 9 24
    1060 1 9 33
    1061 8 9 36
    1062 8 9 41
    1063 8 9 43
    1064 8 9 44
    1065 8 9 47
    1066 8 9 50
    1067 8 9 51
    1068 8 9 69
    1069 8 9 71
    1070 9 9 9
    1071 9 9 10
    1072 9 9 11
    1073 9 9 13
    1074 9 9 15
    1075 9 9 22
    1076 9 9 24
    1077 9 9 38
    1078 9 9 36
    1079 9 9 41
    1080 9 9 43
    1081 9 9 44
    1082 9 9 47
    1083 9 9 50
    1084 9 9 51
    1085 9 9 58
    1086 9 9 69
    1087 10 9 44
    1088 11 9 41
    1089 11 9 43
    1090 11 9 44
    1091 11 9 51
    1092 11 9 69
    1093 1 9 22
    1094 1 9 24
    1095 33 9 43
    1096 1 9 38
    1097 1 9 36
    1098 1 9 43
    1099 1 9 44
    1100 1 9 50
    1101 1 9 51
    1102 22 9 36
    1103 22 9 41
    1104 22 9 43
    1105 22 9 44
    1106 22 9 51
    1107 22 9 69
    1108 23 9 36
    1109 23 9 41
    1110 23 9 43
    1111 23 9 44
    1112 23 9 51
    1113 23 9 69
    1114 24 9 41
    1115 24 9 43
    1116 24 9 44
    1117 24 9 51
    1118 24 9 58
    1119 24 9 69
    1120 41 9 43
    1121 41 9 44
    1122 41 9 47
    1123 41 9 69
    1124 43 9 44
    1125 43 9 47
    1126 43 9 50
    1127 43 9 51
    1128 43 9 69
    1129 44 9 44
    1130 44 9 47
    1131 44 9 69
    1132 47 9 47
    1133 47 9 51
    1134 47 9 69
    1135 36 9 41
    1136 36 9 43
    1137 36 9 44
    1138 36 9 47
    1139 36 9 69
    1140 50 9 51
    1141 51 9 69
    1142 69 9 69
    1143 69 9 71
    1144 3 10 4
    1145 3 10 5
    1146 3 10 8
    1147 3 10 10
    1148 3 10 12
    1149 3 10 33
    1150 3 10 22
    1151 3 10 24
    1152 3 10 37
    1153 3 10 38
    1154 3 10 41
    1155 3 10 45
    1156 3 10 50
    1157 3 10 53
    1158 3 10 60
    1159 3 10 62
    1160 3 10 63
    1161 3 10 70
    1162 3 10 71
    1163 4 10 5
    1164 4 10 8
    1165 4 10 10
    1166 4 10 11
    1167 4 10 12
    1168 4 10 38
    1169 4 10 46
    1170 4 10 47
    1171 5 10 5
    1172 5 10 8
    1173 5 10 10
    1174 5 10 11
    1175 5 10 33
    1176 5 10 22
    1177 5 10 24
    1178 5 10 38
    1179 5 10 46
    1180 5 10 47
    1181 5 10 50
    1182 5 10 51
    1183 5 10 69
    1184 1 10 3
    1185 1 10 4
    1186 1 10 1
    1187 1 10 5
    1188 8 10 9
    1189 8 10 11
    1190 1 10 9
    1191 1 10 10
    1192 1 10 11
    1193 1 10 12
    1194 8 10 22
    1195 8 10 24
    1196 1 10 33
    1197 8 10 38
    1198 8 10 47
    1199 1 10 15
    1200 9 10 10
    1201 9 10 24
    1202 10 10 10
    1203 10 10 11
    1204 10 10 33
    1205 10 10 22
    1206 10 10 24
    1207 10 10 37
    1208 10 10 38
    1209 10 10 50
    1210 11 10 12
    1211 11 10 15
    1212 11 10 22
    1213 11 10 24
    1214 11 10 37
    1215 11 10 36
    1216 11 10 47
    1217 11 10 50
    1218 12 10 12
    1219 12 10 24
    1220 12 10 37
    1221 12 10 38
    1222 1 10 24
    1223 1 10 36
    1224 1 10 47
    1225 1 10 50
    1226 1 10 51
    1227 22 10 37
    1228 22 10 38
    1229 22 10 45
    1230 24 10 37
    1231 24 10 38
    1232 24 10 45
    1233 24 10 47
    1234 24 10 53
    1235 24 10 60
    1236 24 10 62
    1237 24 10 63
    1238 24 10 70
    1239 24 10 71
    1240 38 10 47
    1241 38 10 51
    1242 38 10 69
    1243 45 10 45
    1244 45 10 47
    1245 46 10 47
    1246 60 10 60
    1247 63 10 63
    1248 70 10 70
    1249 71 10 71
    1250 3 11 4
    1251 3 11 5
    1252 3 11 9
    1253 3 11 11
    1254 3 11 13
    1255 3 11 24
    1256 3 11 38
    1257 3 11 46
    1258 3 11 53
    1259 3 11 61
    1260 3 11 62
    1261 3 11 63
    1262 3 11 70
    1263 3 11 71
    1264 4 11 5
    1265 4 11 9
    1266 4 11 10
    1267 4 11 11
    1268 4 11 38
    1269 5 11 5
    1270 5 11 8
    1271 5 11 9
    1272 5 11 10
    1273 5 11 24
    1274 5 11 38
    1275 5 11 45
    1276 5 11 50
    1277 1 11 3
    1278 1 11 4
    1279 1 11 1
    1280 1 11 8
    1281 8 11 11
    1282 1 11 9
    1283 1 11 10
    1284 8 11 24
    1285 9 11 10
    1286 9 11 24
    1287 9 11 38
    1288 10 11 11
    1289 10 11 13
    1290 10 11 24
    1291 10 11 36
    1292 10 11 50
    1293 11 11 11
    1294 11 11 22
    1295 11 11 24
    1296 11 11 37
    1297 11 11 38
    1298 1 11 24
    1299 13 11 13
    1300 13 11 24
    1301 13 11 37
    1302 1 11 38
    1303 1 11 36
    1304 1 11 47
    1305 32 1 32
    1306 22 11 38
    1307 22 11 45
    1308 24 11 37
    1309 24 11 38
    1310 24 11 46
    1311 24 11 47
    1312 24 11 53
    1313 24 11 61
    1314 24 11 62
    1315 24 11 63
    1316 24 11 70
    1317 24 11 71
    1318 38 11 47
    1319 46 11 46
    1320 32 1 49
    1321 61 11 61
    1322 63 11 63
    1323 32 1 64
    1324 70 11 70
    1325 71 11 71
    1326 2 12 5
    1327 2 12 8
    1328 2 12 10
    1329 2 12 12
    1330 2 12 45
    1331 2 12 60
    1332 5 12 13
    1333 5 12 37
    1334 1 12 2
    1335 8 12 37
    1336 10 12 13
    1337 10 12 37
    1338 37 12 45
    1339 22 1 49
    1340 23 1 36
    1341 23 1 49
    1342 24 1 24
    1343 24 1 35
    1344 24 1 36
    1345 24 1 49
    1346 24 1 50
    1347 24 1 51
    1348 24 1 64
    1349 2 13 5
    1350 2 13 11
    1351 2 13 13
    1352 2 13 46
    1353 2 13 61
    1354 5 13 12
    1355 5 13 37
    1356 1 13 2
    1357 9 13 37
    1358 11 13 12
    1359 11 13 37
    1360 12 13 13
    1361 37 13 46
    1362 35 1 35
    1363 35 1 49
    1364 32 33 32
    1365 38 1 38
    1366 38 1 49
    1367 40 1 40
    1368 40 1 49
    1369 43 1 49
    1370 44 1 49
    1371 45 1 45
    1372 45 1 49
    1373 46 1 46
    1374 46 1 49
    1375 36 1 36
    1376 36 1 43
    1377 36 1 44
    1378 36 1 45
    1379 36 1 49
    1380 36 1 50
    1381 48 1 48
    1382 48 1 49
    1383 36 1 51
    1384 36 1 64
    1385 36 1 68
    1386 36 1 69
    1387 50 1 50
    1388 50 1 64
    1389 49 1 49
    1390 49 1 50
    1391 49 1 51
    1392 49 1 53
    1393 49 1 54
    1394 49 1 56
    1395 49 1 60
    1396 49 1 61
    1397 49 1 62
    1398 49 1 63
    1399 49 1 66
    1400 49 1 67
    1401 49 1 64
    1402 49 1 68
    1403 51 1 51
    1404 49 1 69
    1405 51 1 64
    1406 51 1 69
    1407 49 1 70
    1408 49 1 71
    1409 53 1 53
    1410 54 1 54
    1411 54 1 63
    1412 56 1 56
    1413 5 6 5
    1414 5 6 6
    1415 5 6 41
    1416 5 6 42
    1417 6 6 6
    1418 6 6 7
    1419 6 6 42
    1420 60 1 60
    1421 61 1 61
    1422 42 6 42
    1423 63 1 63
    1424 5 7 5
    1425 5 7 7
    1426 5 7 42
    1427 6 7 7
    1428 7 7 7
    1429 7 7 42
    1430 66 1 66
    1431 67 1 67
    1432 68 1 68
    1433 64 1 64
    1434 64 1 68
    1435 64 1 69
    1436 69 1 69
    1437 70 1 70
    1438 71 1 71
    1439 3 16 14
    1440 1 16 16
    1441 16 16 14
    1442 16 16 24
    1443 17 17 15
    1444 17 17 24
    1445 14 17 14
    1446 15 17 24
    1447 2 14 14
    1448 3 14 14
    1449 3 14 19
    1450 3 14 25
    1451 3 14 51
    1452 4 14 4
    1453 4 14 14
    1454 4 14 19
    1455 4 14 25
    1456 4 14 39
    1457 4 14 51
    1458 5 14 14
    1459 5 14 19
    1460 5 14 25
    1461 5 14 50
    1462 5 14 51
    1463 1 14 4
    1464 8 14 14
    1465 8 14 25
    1466 1 14 14
    1467 9 14 14
    1468 1 14 19
    1469 1 14 25
    1470 33 14 33
    1471 33 14 14
    1472 33 14 19
    1473 33 14 25
    1474 1 14 51
    1475 16 14 16
    1476 16 14 14
    1477 16 14 25
    1478 14 14 14
    1479 14 14 15
    1480 14 14 32
    1481 14 14 19
    1482 14 14 25
    1483 14 14 31
    1484 14 14 39
    1485 14 14 41
    1486 14 14 47
    1487 14 14 51
    1488 15 14 25
    1489 32 14 32
    1490 32 14 19
    1491 32 14 25
    1492 19 14 19
    1493 19 14 39
    1494 19 14 36
    1495 19 14 41
    1496 19 14 47
    1497 19 14 51
    1498 20 14 20
    1499 20 14 38
    1500 25 14 25
    1501 25 14 51
    1502 31 14 40
    1503 38 14 38
    1504 36 14 50
    1505 36 14 51
    1506 50 14 50
    1507 50 14 51
    1508 51 14 51
    1509 3 15 15
    1510 4 15 4
    1511 4 15 15
    1512 4 15 19
    1513 4 15 25
    1514 4 15 39
    1515 4 15 36
    1516 4 15 51
    1517 1 15 4
    1518 8 15 15
    1519 1 15 15
    1520 9 15 15
    1521 10 15 20
    1522 10 15 36
    1523 10 15 69
    1524 1 15 19
    1525 1 15 25
    1526 33 15 15
    1527 33 15 19
    1528 33 15 25
    1529 1 15 36
    1530 1 15 51
    1531 17 15 15
    1532 17 15 25
    1533 14 15 15
    1534 14 15 25
    1535 15 15 15
    1536 15 15 32
    1537 15 15 19
    1538 15 15 20
    1539 15 15 25
    1540 15 15 39
    1541 15 15 36
    1542 15 15 41
    1543 15 15 50
    1544 15 15 51
    1545 15 15 67
    1546 15 15 69
    1547 19 15 19
    1548 19 15 39
    1549 19 15 36
    1550 19 15 50
    1551 19 15 51
    1552 19 15 67
    1553 20 15 36
    1554 20 15 51
    1555 20 15 67
    1556 20 15 69
    1557 25 15 25
    1558 36 15 51
    1559 36 15 67
    1560 36 15 69
    1561 47 18 47
    1562 34 37 2
    1563 2 37 2
    1564 2 37 3
    1565 2 37 4
    1566 2 37 5
    1567 2 37 33
    1568 2 37 32
    1569 2 37 26
    1570 2 37 35
    1571 2 37 37
    1572 2 37 38
    1573 2 37 39
    1574 2 37 40
    1575 2 37 41
    1576 2 37 47
    1577 2 37 49
    1578 2 37 50
    1579 2 37 51
    1580 2 37 53
    1581 2 37 54
    1582 2 37 55
    1583 2 37 56
    1584 2 37 65
    1585 2 37 66
    1586 2 37 64
    1587 2 37 67
    1588 2 37 68
    1589 2 37 69
    1590 3 37 37
    1591 3 37 49
    1592 3 37 64
    1593 4 37 37
    1594 5 37 37
    1595 10 37 49
    1596 10 37 64
    1597 11 37 49
    1598 11 37 64
    1599 33 37 37
    1600 32 37 37
    1601 26 37 37
    1602 35 37 37
    1603 37 37 37
    1604 37 37 38
    1605 37 37 39
    1606 37 37 40
    1607 37 37 41
    1608 37 37 47
    1609 37 37 49
    1610 37 37 50
    1611 37 37 51
    1612 37 37 53
    1613 37 37 54
    1614 37 37 64
    1615 37 37 68
    1616 37 37 69
    1617 49 37 53
    1618 53 37 64
    1619 34 38 34
    1620 34 38 3
    1621 34 38 38
    1622 34 38 49
    1623 34 38 53
    1624 34 38 64
    1625 2 38 2
    1626 2 38 4
    1627 2 38 33
    1628 2 38 26
    1629 2 38 38
    1630 2 38 49
    1631 2 38 53
    1632 2 38 64
    1633 3 38 3
    1634 3 38 4
    1635 3 38 5
    1636 3 38 33
    1637 3 38 32
    1638 3 38 26
    1639 3 38 35
    1640 3 38 37
    1641 3 38 38
    1642 3 38 39
    1643 3 38 40
    1644 3 38 36
    1645 3 38 41
    1646 3 38 47
    1647 3 38 48
    1648 3 38 49
    1649 3 38 50
    1650 3 38 51
    1651 3 38 53
    1652 3 38 54
    1653 3 38 55
    1654 3 38 66
    1655 3 38 67
    1656 3 38 64
    1657 3 38 68
    1658 3 38 69
    1659 4 38 4
    1660 4 38 5
    1661 4 38 10
    1662 4 38 11
    1663 4 38 26
    1664 4 38 37
    1665 4 38 38
    1666 4 38 47
    1667 4 38 49
    1668 4 38 53
    1669 4 38 67
    1670 4 38 64
    1671 5 38 5
    1672 5 38 26
    1673 5 38 38
    1674 5 38 49
    1675 5 38 53
    1676 5 38 64
    1677 1 38 3
    1678 1 38 1
    1679 1 38 5
    1680 8 38 33
    1681 8 38 26
    1682 8 38 41
    1683 8 38 47
    1684 9 38 33
    1685 9 38 26
    1686 10 38 26
    1687 10 38 36
    1688 10 38 47
    1689 10 38 49
    1690 10 38 50
    1691 10 38 51
    1692 10 38 64
    1693 11 38 26
    1694 11 38 36
    1695 11 38 47
    1696 11 38 49
    1697 11 38 50
    1698 11 38 51
    1699 11 38 64
    1700 33 38 37
    1701 33 38 38
    1702 33 38 49
    1703 33 38 53
    1704 33 38 64
    1705 14 38 38
    1706 32 38 38
    1707 32 38 49
    1708 32 38 53
    1709 32 38 64
    1710 26 38 26
    1711 26 38 37
    1712 26 38 38
    1713 26 38 45
    1714 26 38 46
    1715 26 38 49
    1716 26 38 53
    1717 26 38 55
    1718 26 38 56
    1719 26 38 60
    1720 26 38 61
    1721 26 38 65
    1722 26 38 66
    1723 26 38 64
    1724 26 38 67
    1725 35 38 38
    1726 35 38 49
    1727 35 38 53
    1728 35 38 64
    1729 37 38 37
    1730 38 38 37
    1731 38 38 38
    1732 38 38 39
    1733 38 38 40
    1734 38 38 41
    1735 38 38 47
    1736 38 38 48
    1737 38 38 49
    1738 38 38 50
    1739 38 38 51
    1740 38 38 53
    1741 38 38 54
    1742 38 38 55
    1743 38 38 56
    1744 38 38 66
    1745 38 38 67
    1746 38 38 64
    1747 38 38 68
    1748 38 38 69
    1749 39 38 39
    1750 39 38 49
    1751 39 38 53
    1752 39 38 64
    1753 40 38 40
    1754 40 38 49
    1755 40 38 53
    1756 40 38 64
    1757 41 38 41
    1758 41 38 49
    1759 41 38 53
    1760 41 38 64
    1761 45 38 47
    1762 45 38 49
    1763 45 38 64
    1764 46 38 47
    1765 46 38 49
    1766 46 38 64
    1767 47 38 47
    1768 47 38 49
    1769 47 38 53
    1770 47 38 64
    1771 36 38 38
    1772 36 38 49
    1773 48 38 48
    1774 48 38 49
    1775 48 38 53
    1776 36 38 53
    1777 36 38 64
    1778 50 38 50
    1779 50 38 53
    1780 50 38 64
    1781 49 38 49
    1782 49 38 50
    1783 49 38 51
    1784 49 38 53
    1785 49 38 54
    1786 49 38 55
    1787 49 38 56
    1788 49 38 60
    1789 49 38 61
    1790 49 38 66
    1791 49 38 67
    1792 49 38 64
    1793 49 38 68
    1794 51 38 51
    1795 51 38 53
    1796 49 38 69
    1797 51 38 64
    1798 53 38 53
    1799 53 38 54
    1800 53 38 55
    1801 53 38 56
    1802 53 38 66
    1803 53 38 67
    1804 53 38 64
    1805 53 38 68
    1806 53 38 69
    1807 54 38 54
    1808 54 38 64
    1809 55 38 64
    1810 56 38 56
    1811 56 38 64
    1812 60 38 64
    1813 61 38 64
    1814 66 38 66
    1815 66 38 67
    1816 67 38 67
    1817 68 38 68
    1818 68 38 69
    1819 64 38 64
    1820 64 38 66
    1821 64 38 67
    1822 64 38 68
    1823 64 38 69
    1824 69 38 69
    1825 34 39 34
    1826 34 39 4
    1827 2 39 2
    1828 2 39 32
    1829 2 39 26
    1830 2 39 49
    1831 3 39 3
    1832 3 39 26
    1833 4 39 4
    1834 4 39 33
    1835 4 39 14
    1836 4 39 15
    1837 4 39 32
    1838 4 39 26
    1839 4 39 35
    1840 4 39 38
    1841 4 39 39
    1842 4 39 40
    1843 4 39 36
    1844 4 39 47
    1845 4 39 48
    1846 4 39 49
    1847 4 39 50
    1848 4 39 51
    1849 4 39 54
    1850 4 39 56
    1851 4 39 66
    1852 4 39 67
    1853 4 39 64
    1854 4 39 68
    1855 4 39 69
    1856 4 39 71
    1857 33 39 33
    1858 33 39 26
    1859 33 39 39
    1860 14 39 14
    1861 14 39 26
    1862 14 39 56
    1863 14 39 63
    1864 15 39 15
    1865 15 39 26
    1866 32 39 32
    1867 32 39 26
    1868 26 39 26
    1869 26 39 35
    1870 26 39 37
    1871 26 39 38
    1872 26 39 39
    1873 26 39 40
    1874 26 39 36
    1875 26 39 41
    1876 26 39 47
    1877 26 39 48
    1878 26 39 49
    1879 26 39 50
    1880 26 39 51
    1881 26 39 53
    1882 26 39 54
    1883 26 39 55
    1884 26 39 56
    1885 26 39 66
    1886 26 39 64
    1887 26 39 67
    1888 26 39 68
    1889 26 39 69
    1890 26 39 71
    1891 35 39 35
    1892 37 39 37
    1893 38 39 38
    1894 38 39 49
    1895 39 39 39
    1896 40 39 40
    1897 40 39 47
    1898 41 39 41
    1899 47 39 47
    1900 36 39 36
    1901 48 39 48
    1902 50 39 50
    1903 49 39 49
    1904 49 39 53
    1905 49 39 55
    1906 49 39 66
    1907 49 39 67
    1908 49 39 64
    1909 51 39 51
    1910 53 39 53
    1911 54 39 54
    1912 55 39 55
    1913 56 39 56
    1914 66 39 66
    1915 66 39 67
    1916 67 39 67
    1917 68 39 68
    1918 68 39 69
    1919 64 39 64
    1920 69 39 69
    1921 34 40 34
    1922 34 40 26
    1923 2 40 2
    1924 2 40 26
    1925 3 40 3
    1926 3 40 4
    1927 3 40 26
    1928 4 40 4
    1929 4 40 5
    1930 4 40 8
    1931 4 40 33
    1932 4 40 26
    1933 4 40 39
    1934 4 40 40
    1935 4 40 36
    1936 4 40 47
    1937 4 40 48
    1938 4 40 49
    1939 4 40 50
    1940 4 40 51
    1941 4 40 53
    1942 4 40 54
    1943 4 40 56
    1944 4 40 66
    1945 4 40 67
    1946 4 40 64
    1947 4 40 68
    1948 4 40 69
    1949 5 40 5
    1950 5 40 26
    1951 1 40 1
    1952 1 40 26
    1953 33 40 33
    1954 33 40 26
    1955 32 40 32
    1956 32 40 26
    1957 26 40 26
    1958 26 40 35
    1959 26 40 37
    1960 26 40 38
    1961 26 40 39
    1962 26 40 40
    1963 26 40 36
    1964 26 40 41
    1965 26 40 47
    1966 26 40 48
    1967 26 40 49
    1968 26 40 50
    1969 26 40 51
    1970 26 40 53
    1971 26 40 54
    1972 26 40 55
    1973 26 40 56
    1974 26 40 63
    1975 26 40 66
    1976 26 40 64
    1977 26 40 67
    1978 26 40 68
    1979 26 40 69
    1980 35 40 35
    1981 37 40 37
    1982 38 40 38
    1983 39 40 39
    1984 40 40 40
    1985 41 40 41
    1986 47 40 47
    1987 36 40 36
    1988 50 40 50
    1989 49 40 49
    1990 51 40 51
    1991 53 40 53
    1992 54 40 54
    1993 56 40 56
    1994 63 40 63
    1995 66 40 66
    1996 67 40 67
    1997 68 40 68
    1998 64 40 64
    1999 69 40 69
    2000 34 41 34
    2001 34 41 3
    2002 34 41 5
    2003 34 41 8
    2004 34 41 9
    2005 34 41 43
    2006 34 41 44
    2007 34 41 51
    2008 34 41 53
    2009 34 41 58
    2010 34 41 59
    2011 34 41 69
    2012 2 41 2
    2013 2 41 3
    2014 2 41 5
    2015 2 41 8
    2016 2 41 9
    2017 2 41 43
    2018 2 41 44
    2019 2 41 51
    2020 2 41 53
    2021 2 41 58
    2022 2 41 59
    2023 2 41 69
    2024 3 41 3
    2025 3 41 4
    2026 3 41 5
    2027 3 41 8
    2028 3 41 9
    2029 3 41 33
    2030 3 41 32
    2031 3 41 26
    2032 3 41 35
    2033 3 41 37
    2034 3 41 38
    2035 3 41 39
    2036 3 41 40
    2037 3 41 36
    2038 3 41 41
    2039 3 41 43
    2040 3 41 44
    2041 3 41 47
    2042 3 41 48
    2043 3 41 49
    2044 3 41 50
    2045 3 41 51
    2046 3 41 53
    2047 3 41 54
    2048 3 41 55
    2049 3 41 56
    2050 3 41 58
    2051 3 41 59
    2052 3 41 66
    2053 3 41 67
    2054 3 41 64
    2055 3 41 68
    2056 3 41 69
    2057 4 41 4
    2058 4 41 5
    2059 4 41 8
    2060 4 41 9
    2061 4 41 6
    2062 4 41 38
    2063 4 41 36
    2064 4 41 43
    2065 4 41 44
    2066 4 41 51
    2067 4 41 53
    2068 4 41 58
    2069 4 41 59
    2070 4 41 68
    2071 4 41 69
    2072 5 41 5
    2073 5 41 8
    2074 5 41 9
    2075 5 41 33
    2076 5 41 6
    2077 5 41 14
    2078 5 41 32
    2079 5 41 26
    2080 5 41 35
    2081 5 41 38
    2082 5 41 40
    2083 5 41 36
    2084 5 41 41
    2085 5 41 42
    2086 5 41 43
    2087 5 41 44
    2088 5 41 47
    2089 5 41 49
    2090 5 41 50
    2091 5 41 51
    2092 5 41 53
    2093 5 41 54
    2094 5 41 55
    2095 5 41 56
    2096 5 41 58
    2097 5 41 59
    2098 5 41 63
    2099 5 41 66
    2100 5 41 67
    2101 5 41 64
    2102 5 41 68
    2103 5 41 69
    2104 8 41 8
    2105 8 41 9
    2106 8 41 10
    2107 8 41 33
    2108 8 41 32
    2109 8 41 26
    2110 8 41 35
    2111 8 41 38
    2112 8 41 40
    2113 8 41 36
    2114 8 41 41
    2115 8 41 43
    2116 8 41 44
    2117 8 41 47
    2118 8 41 48
    2119 8 41 49
    2120 8 41 50
    2121 8 41 51
    2122 8 41 53
    2123 8 41 54
    2124 8 41 55
    2125 8 41 56
    2126 8 41 66
    2127 8 41 67
    2128 8 41 64
    2129 8 41 68
    2130 8 41 69
    2131 9 41 9
    2132 9 41 33
    2133 9 41 32
    2134 9 41 26
    2135 9 41 35
    2136 9 41 38
    2137 9 41 40
    2138 9 41 36
    2139 9 41 41
    2140 9 41 43
    2141 9 41 44
    2142 9 41 47
    2143 9 41 48
    2144 9 41 49
    2145 9 41 50
    2146 9 41 51
    2147 9 41 53
    2148 9 41 54
    2149 9 41 55
    2150 9 41 56
    2151 9 41 66
    2152 9 41 67
    2153 9 41 64
    2154 9 41 68
    2155 9 41 69
    2156 33 41 33
    2157 33 41 43
    2158 33 41 44
    2159 33 41 51
    2160 33 41 53
    2161 33 41 58
    2162 33 41 59
    2163 33 41 69
    2164 32 41 32
    2165 32 41 43
    2166 32 41 44
    2167 32 41 51
    2168 32 41 53
    2169 32 41 58
    2170 32 41 59
    2171 32 41 69
    2172 26 41 26
    2173 26 41 36
    2174 26 41 43
    2175 26 41 44
    2176 26 41 51
    2177 26 41 53
    2178 26 41 58
    2179 26 41 59
    2180 26 41 69
    2181 35 41 35
    2182 35 41 43
    2183 35 41 44
    2184 35 41 51
    2185 35 41 53
    2186 35 41 58
    2187 35 41 59
    2188 35 41 69
    2189 38 41 38
    2190 38 41 43
    2191 38 41 44
    2192 38 41 51
    2193 38 41 53
    2194 38 41 58
    2195 38 41 59
    2196 38 41 69
    2197 39 41 39
    2198 40 41 40
    2199 40 41 43
    2200 40 41 44
    2201 40 41 51
    2202 40 41 53
    2203 40 41 58
    2204 40 41 59
    2205 41 41 41
    2206 41 41 43
    2207 41 41 44
    2208 41 41 51
    2209 41 41 53
    2210 41 41 58
    2211 41 41 59
    2212 41 41 69
    2213 43 41 43
    2214 43 41 44
    2215 43 41 47
    2216 43 41 48
    2217 43 41 49
    2218 43 41 50
    2219 43 41 51
    2220 43 41 53
    2221 43 41 54
    2222 43 41 55
    2223 43 41 56
    2224 43 41 58
    2225 43 41 66
    2226 43 41 67
    2227 43 41 64
    2228 43 41 68
    2229 43 41 69
    2230 44 41 44
    2231 44 41 47
    2232 44 41 48
    2233 44 41 49
    2234 44 41 50
    2235 44 41 51
    2236 44 41 53
    2237 44 41 54
    2238 44 41 55
    2239 44 41 56
    2240 44 41 59
    2241 44 41 66
    2242 44 41 67
    2243 44 41 64
    2244 44 41 68
    2245 44 41 69
    2246 47 41 47
    2247 47 41 51
    2248 47 41 53
    2249 47 41 58
    2250 47 41 59
    2251 47 41 69
    2252 36 41 36
    2253 36 41 43
    2254 36 41 44
    2255 48 41 48
    2256 48 41 51
    2257 48 41 58
    2258 48 41 59
    2259 36 41 51
    2260 48 41 69
    2261 36 41 53
    2262 36 41 58
    2263 36 41 59
    2264 36 41 69
    2265 50 41 50
    2266 50 41 53
    2267 50 41 58
    2268 50 41 59
    2269 50 41 69
    2270 49 41 49
    2271 49 41 51
    2272 49 41 53
    2273 49 41 58
    2274 49 41 59
    2275 51 41 51
    2276 51 41 53
    2277 51 41 54
    2278 51 41 56
    2279 51 41 58
    2280 51 41 59
    2281 51 41 66
    2282 51 41 67
    2283 51 41 69
    2284 53 41 53
    2285 53 41 54
    2286 53 41 56
    2287 53 41 58
    2288 53 41 59
    2289 53 41 66
    2290 53 41 67
    2291 53 41 64
    2292 53 41 68
    2293 53 41 69
    2294 54 41 54
    2295 54 41 58
    2296 54 41 59
    2297 56 41 56
    2298 56 41 58
    2299 56 41 59
    2300 56 41 69
    2301 58 41 58
    2302 58 41 66
    2303 58 41 67
    2304 58 41 64
    2305 58 41 68
    2306 58 41 69
    2307 59 41 59
    2308 59 41 66
    2309 59 41 67
    2310 59 41 64
    2311 59 41 68
    2312 59 41 69
    2313 63 41 63
    2314 66 41 66
    2315 66 41 67
    2316 66 41 69
    2317 67 41 67
    2318 67 41 69
    2319 68 41 68
    2320 68 41 69
    2321 64 41 64
    2322 64 41 69
    2323 69 41 69
    2324 71 41 71
    2325 5 42 5
    2326 5 42 6
    2327 5 42 7
    2328 5 42 42
    2329 6 42 42
    2330 42 42 42
    2331 34 36 34
    2332 34 36 1
    2333 34 36 5
    2334 34 36 8
    2335 34 36 9
    2336 2 36 2
    2337 2 36 5
    2338 2 36 8
    2339 2 36 9
    2340 3 36 3
    2341 3 36 4
    2342 3 36 5
    2343 3 36 8
    2344 3 36 9
    2345 3 36 26
    2346 4 36 4
    2347 4 36 5
    2348 4 36 8
    2349 4 36 9
    2350 4 36 15
    2351 4 36 26
    2352 4 36 38
    2353 4 36 36
    2354 4 36 43
    2355 4 36 44
    2356 4 36 50
    2357 4 36 51
    2358 4 36 71
    2359 5 36 5
    2360 5 36 8
    2361 5 36 9
    2362 5 36 33
    2363 5 36 32
    2364 5 36 26
    2365 5 36 35
    2366 5 36 38
    2367 5 36 40
    2368 5 36 36
    2369 5 36 41
    2370 5 36 43
    2371 5 36 44
    2372 5 36 47
    2373 5 36 53
    2374 5 36 54
    2375 5 36 66
    2376 5 36 67
    2377 5 36 69
    2378 1 36 2
    2379 1 36 3
    2380 1 36 4
    2381 4 43 9
    2382 1 36 1
    2383 1 36 5
    2384 5 43 5
    2385 5 43 9
    2386 5 43 36
    2387 5 43 41
    2388 5 43 51
    2389 5 43 69
    2390 1 36 8
    2391 1 43 5
    2392 8 36 8
    2393 8 43 8
    2394 8 43 9
    2395 1 43 9
    2396 8 36 33
    2397 8 43 41
    2398 8 43 44
    2399 1 36 9
    2400 9 43 9
    2401 9 43 36
    2402 9 43 41
    2403 9 43 43
    2404 9 43 51
    2405 9 43 69
    2406 1 36 10
    2407 8 36 32
    2408 8 36 26
    2409 8 36 35
    2410 1 36 33
    2411 8 36 38
    2412 8 36 36
    2413 8 36 41
    2414 8 36 43
    2415 8 36 47
    2416 8 36 48
    2417 8 36 49
    2418 8 36 50
    2419 8 36 51
    2420 8 36 53
    2421 8 36 54
    2422 8 36 56
    2423 8 36 66
    2424 8 36 67
    2425 8 36 64
    2426 8 36 68
    2427 8 36 69
    2428 1 36 14
    2429 1 36 15
    2430 9 36 9
    2431 9 36 33
    2432 9 36 32
    2433 9 36 26
    2434 9 36 35
    2435 9 36 38
    2436 9 36 36
    2437 9 36 41
    2438 9 36 44
    2439 9 36 47
    2440 9 36 48
    2441 9 36 49
    2442 9 36 50
    2443 9 36 51
    2444 9 36 53
    2445 9 36 54
    2446 9 36 56
    2447 9 36 66
    2448 9 36 67
    2449 9 36 64
    2450 9 36 68
    2451 9 36 69
    2452 10 36 15
    2453 1 36 32
    2454 11 36 15
    2455 1 36 26
    2456 1 36 35
    2457 33 36 33
    2458 1 36 38
    2459 1 36 39
    2460 1 36 40
    2461 1 36 36
    2462 1 36 41
    2463 41 43 44
    2464 1 36 43
    2465 43 43 44
    2466 1 36 44
    2467 44 43 51
    2468 1 36 47
    2469 1 36 48
    2470 1 36 49
    2471 1 36 50
    2472 1 36 51
    2473 1 36 53
    2474 1 36 54
    2475 1 36 55
    2476 1 36 56
    2477 1 36 58
    2478 1 36 59
    2479 1 36 66
    2480 1 36 67
    2481 1 36 64
    2482 1 36 68
    2483 1 36 69
    2484 1 36 71
    2485 14 36 26
    2486 14 36 51
    2487 15 36 26
    2488 4 44 8
    2489 5 44 5
    2490 5 44 8
    2491 5 44 36
    2492 5 44 41
    2493 5 44 43
    2494 5 44 51
    2495 5 44 69
    2496 1 44 5
    2497 1 44 8
    2498 8 44 8
    2499 8 44 9
    2500 8 44 36
    2501 8 44 41
    2502 8 44 44
    2503 8 44 51
    2504 8 44 69
    2505 9 44 9
    2506 9 44 41
    2507 9 44 43
    2508 41 44 43
    2509 43 44 44
    2510 43 44 51
    2511 2 45 5
    2512 2 45 12
    2513 3 45 5
    2514 3 45 10
    2515 3 45 12
    2516 3 45 38
    2517 3 45 45
    2518 3 45 53
    2519 3 45 60
    2520 3 45 62
    2521 3 45 63
    2522 3 45 70
    2523 3 45 71
    2524 5 45 11
    2525 5 45 38
    2526 5 45 46
    2527 5 45 49
    2528 5 45 53
    2529 5 45 64
    2530 1 45 3
    2531 10 45 38
    2532 10 45 49
    2533 10 45 53
    2534 10 45 64
    2535 12 45 37
    2536 12 45 38
    2537 12 45 49
    2538 12 45 53
    2539 12 45 64
    2540 1 45 71
    2541 38 45 38
    2542 38 45 45
    2543 38 45 49
    2544 38 45 53
    2545 38 45 60
    2546 38 45 62
    2547 38 45 63
    2548 38 45 64
    2549 38 45 70
    2550 38 45 71
    2551 45 45 49
    2552 45 45 53
    2553 45 45 64
    2554 49 45 49
    2555 49 45 60
    2556 49 45 62
    2557 49 45 63
    2558 49 45 64
    2559 49 45 70
    2560 49 45 71
    2561 53 45 60
    2562 53 45 62
    2563 53 45 63
    2564 53 45 70
    2565 53 45 71
    2566 60 45 64
    2567 62 45 64
    2568 63 45 64
    2569 64 45 64
    2570 64 45 70
    2571 64 45 71
    2572 2 46 5
    2573 2 46 13
    2574 3 46 5
    2575 3 46 11
    2576 3 46 38
    2577 3 46 46
    2578 3 46 53
    2579 3 46 61
    2580 3 46 62
    2581 3 46 63
    2582 3 46 70
    2583 3 46 71
    2584 5 46 10
    2585 5 46 38
    2586 5 46 45
    2587 5 46 49
    2588 5 46 53
    2589 5 46 64
    2590 1 46 3
    2591 11 46 38
    2592 11 46 49
    2593 11 46 53
    2594 11 46 64
    2595 13 46 37
    2596 13 46 38
    2597 13 46 49
    2598 13 46 53
    2599 13 46 64
    2600 32 36 32
    2601 38 46 38
    2602 38 46 46
    2603 38 46 49
    2604 38 46 53
    2605 38 46 61
    2606 38 46 62
    2607 38 46 63
    2608 38 46 64
    2609 38 46 70
    2610 38 46 71
    2611 46 46 49
    2612 46 46 53
    2613 46 46 64
    2614 49 46 49
    2615 49 46 61
    2616 49 46 62
    2617 49 46 63
    2618 49 46 64
    2619 49 46 70
    2620 49 46 71
    2621 53 46 61
    2622 53 46 62
    2623 53 46 63
    2624 53 46 70
    2625 53 46 71
    2626 61 46 64
    2627 62 46 64
    2628 63 46 64
    2629 64 46 64
    2630 64 46 70
    2631 64 46 71
    2632 34 47 34
    2633 34 47 5
    2634 34 47 26
    2635 2 47 2
    2636 2 47 3
    2637 2 47 5
    2638 2 47 26
    2639 3 47 3
    2640 3 47 4
    2641 3 47 5
    2642 3 47 8
    2643 3 47 9
    2644 3 47 14
    2645 3 47 26
    2646 3 47 38
    2647 3 47 39
    2648 3 47 48
    2649 3 47 50
    2650 3 47 51
    2651 3 47 71
    2652 4 47 4
    2653 4 47 5
    2654 4 47 8
    2655 4 47 9
    2656 4 47 11
    2657 4 47 18
    2658 4 47 26
    2659 4 47 38
    2660 4 47 36
    2661 4 47 41
    2662 4 47 53
    2663 4 47 71
    2664 5 47 5
    2665 5 47 8
    2666 5 47 9
    2667 5 47 33
    2668 5 47 14
    2669 5 47 32
    2670 5 47 26
    2671 5 47 35
    2672 5 47 37
    2673 5 47 38
    2674 5 47 39
    2675 5 47 40
    2676 5 47 36
    2677 5 47 41
    2678 5 47 47
    2679 5 47 48
    2680 5 47 49
    2681 5 47 50
    2682 5 47 51
    2683 5 47 53
    2684 5 47 54
    2685 5 47 55
    2686 5 47 56
    2687 5 47 66
    2688 5 47 67
    2689 5 47 64
    2690 5 47 68
    2691 5 47 69
    2692 5 47 71
    2693 8 47 14
    2694 8 47 26
    2695 8 47 38
    2696 8 47 71
    2697 9 47 14
    2698 9 47 26
    2699 10 47 26
    2700 10 47 49
    2701 10 47 71
    2702 11 47 26
    2703 11 47 49
    2704 33 47 33
    2705 33 47 26
    2706 14 47 14
    2707 14 47 26
    2708 18 47 26
    2709 32 47 32
    2710 32 47 26
    2711 26 47 26
    2712 26 47 35
    2713 26 47 37
    2714 26 47 38
    2715 26 47 39
    2716 26 47 40
    2717 26 47 36
    2718 26 47 41
    2719 26 47 47
    2720 26 47 48
    2721 26 47 49
    2722 26 47 50
    2723 26 47 51
    2724 26 47 53
    2725 26 47 54
    2726 26 47 55
    2727 26 47 56
    2728 26 47 66
    2729 26 47 64
    2730 26 47 67
    2731 26 47 68
    2732 26 47 69
    2733 26 47 71
    2734 35 47 35
    2735 37 47 37
    2736 38 47 38
    2737 38 47 39
    2738 38 47 49
    2739 39 47 39
    2740 40 47 40
    2741 41 47 41
    2742 26 36 26
    2743 47 47 47
    2744 26 36 35
    2745 26 36 38
    2746 26 36 39
    2747 26 36 40
    2748 26 36 36
    2749 26 36 41
    2750 26 36 43
    2751 26 36 47
    2752 26 36 48
    2753 26 36 49
    2754 36 47 49
    2755 26 36 50
    2756 48 47 48
    2757 26 36 51
    2758 26 36 53
    2759 26 36 54
    2760 26 36 55
    2761 26 36 56
    2762 26 36 66
    2763 26 36 64
    2764 26 36 67
    2765 26 36 68
    2766 26 36 69
    2767 26 36 71
    2768 50 47 50
    2769 49 47 49
    2770 51 47 51
    2771 53 47 53
    2772 54 47 54
    2773 56 47 56
    2774 66 47 66
    2775 67 47 67
    2776 68 47 68
    2777 64 47 64
    2778 69 47 69
    2779 35 36 35
    2780 38 36 38
    2781 39 36 39
    2782 40 36 40
    2783 41 36 41
    2784 43 36 43
    2785 43 36 53
    2786 43 36 58
    2787 44 36 44
    2788 44 36 53
    2789 44 36 59
    2790 47 36 47
    2791 36 36 36
    2792 48 36 48
    2793 34 48 49
    2794 2 48 49
    2795 3 48 49
    2796 4 48 49
    2797 5 48 49
    2798 8 48 49
    2799 33 48 49
    2800 1 48 49
    2801 26 48 49
    2802 50 36 50
    2803 35 48 49
    2804 37 48 49
    2805 38 48 49
    2806 39 48 49
    2807 40 48 49
    2808 41 48 49
    2809 47 48 49
    2810 36 48 49
    2811 48 48 49
    2812 49 36 49
    2813 49 48 49
    2814 49 48 50
    2815 49 48 51
    2816 49 48 53
    2817 49 48 54
    2818 49 48 55
    2819 49 48 56
    2820 49 48 66
    2821 49 48 67
    2822 49 48 64
    2823 49 48 68
    2824 49 48 69
    2825 51 36 51
    2826 53 36 53
    2827 54 36 54
    2828 55 36 55
    2829 56 36 56
    2830 58 36 58
    2831 59 36 59
    2832 66 36 66
    2833 67 36 67
    2834 68 36 68
    2835 64 36 64
    2836 69 36 69
    2837 34 50 27
    2838 2 50 27
    2839 3 50 27
    2840 4 50 27
    2841 5 50 27
    2842 8 50 27
    2843 9 50 27
    2844 10 50 27
    2845 11 50 27
    2846 1 50 27
    2847 33 50 27
    2848 14 50 27
    2849 15 50 27
    2850 32 50 27
    2851 27 50 27
    2852 27 50 35
    2853 27 50 37
    2854 27 50 38
    2855 27 50 39
    2856 27 50 40
    2857 27 50 36
    2858 27 50 41
    2859 27 50 47
    2860 27 50 48
    2861 27 50 49
    2862 27 50 50
    2863 27 50 51
    2864 27 50 53
    2865 27 50 54
    2866 27 50 55
    2867 27 50 56
    2868 27 50 63
    2869 27 50 66
    2870 27 50 64
    2871 27 50 67
    2872 27 50 68
    2873 27 50 69
    2874 27 50 71
    2875 34 51 34
    2876 2 51 2
    2877 2 51 4
    2878 3 51 3
    2879 3 51 4
    2880 3 51 5
    2881 3 51 38
    2882 3 51 41
    2883 3 51 51
    2884 3 51 56
    2885 3 51 69
    2886 4 51 4
    2887 4 51 5
    2888 4 51 8
    2889 4 51 9
    2890 4 51 10
    2891 4 51 11
    2892 4 51 33
    2893 4 51 15
    2894 4 51 35
    2895 4 51 37
    2896 4 51 38
    2897 4 51 39
    2898 4 51 40
    2899 4 51 36
    2900 4 51 41
    2901 4 51 43
    2902 4 51 44
    2903 4 51 47
    2904 4 51 48
    2905 4 51 49
    2906 4 51 50
    2907 4 51 51
    2908 4 51 53
    2909 4 51 54
    2910 4 51 55
    2911 4 51 56
    2912 4 51 63
    2913 4 51 66
    2914 4 51 67
    2915 4 51 64
    2916 4 51 68
    2917 4 51 69
    2918 5 51 5
    2919 5 51 8
    2920 5 51 9
    2921 5 51 39
    2922 5 51 41
    2923 5 51 43
    2924 5 51 44
    2925 5 51 56
    2926 5 51 67
    2927 1 51 3
    2928 1 51 4
    2929 1 51 1
    2930 1 51 5
    2931 1 51 8
    2932 8 51 8
    2933 8 51 9
    2934 1 51 9
    2935 8 51 41
    2936 8 51 43
    2937 8 51 51
    2938 8 51 69
    2939 1 51 15
    2940 9 51 9
    2941 9 51 41
    2942 9 51 44
    2943 9 51 51
    2944 9 51 69
    2945 33 51 33
    2946 1 51 38
    2947 1 51 36
    2948 1 51 50
    2949 1 51 51
    2950 1 51 56
    2951 1 51 71
    2952 14 51 14
    2953 14 51 36
    2954 14 51 51
    2955 15 51 15
    2956 32 51 32
    2957 32 51 51
    2958 35 51 35
    2959 37 51 37
    2960 38 51 38
    2961 38 51 67
    2962 39 51 39
    2963 40 51 40
    2964 41 51 41
    2965 41 51 69
    2966 43 51 43
    2967 43 51 69
    2968 44 51 44
    2969 44 51 69
    2970 47 51 47
    2971 36 51 36
    2972 48 51 48
    2973 36 51 67
    2974 49 51 49
    2975 53 51 53
    2976 53 51 56
    2977 54 51 54
    2978 54 51 63
    2979 56 51 56
    2980 66 51 66
    2981 67 51 67
    2982 68 51 68
    2983 64 51 64
    2984 69 51 69
    2985 34 53 34
    2986 34 53 3
    2987 34 53 38
    2988 34 53 49
    2989 34 53 53
    2990 34 53 64
    2991 2 53 2
    2992 2 53 3
    2993 2 53 38
    2994 2 53 49
    2995 2 53 53
    2996 2 53 64
    2997 3 53 3
    2998 3 53 4
    2999 3 53 5
    3000 3 53 33
    3001 3 53 32
    3002 3 53 28
    3003 3 53 35
    3004 3 53 38
    3005 3 53 39
    3006 3 53 40
    3007 3 53 36
    3008 3 53 41
    3009 3 53 47
    3010 3 53 48
    3011 3 53 49
    3012 3 53 50
    3013 3 53 51
    3014 3 53 53
    3015 3 53 54
    3016 3 53 55
    3017 3 53 56
    3018 3 53 66
    3019 3 53 67
    3020 3 53 64
    3021 3 53 68
    3022 3 53 69
    3023 4 53 4
    3024 4 53 38
    3025 4 53 49
    3026 4 53 51
    3027 4 53 53
    3028 4 53 64
    3029 5 53 5
    3030 5 53 38
    3031 5 53 36
    3032 5 53 41
    3033 5 53 49
    3034 5 53 64
    3035 1 53 3
    3036 1 53 1
    3037 10 53 49
    3038 10 53 64
    3039 11 53 49
    3040 11 53 64
    3041 33 53 33
    3042 33 53 38
    3043 33 53 49
    3044 33 53 53
    3045 33 53 64
    3046 32 53 32
    3047 32 53 38
    3048 32 53 49
    3049 32 53 53
    3050 32 53 64
    3051 28 53 28
    3052 28 53 37
    3053 28 53 38
    3054 28 53 45
    3055 28 53 46
    3056 28 53 49
    3057 28 53 53
    3058 28 53 55
    3059 28 53 56
    3060 28 53 60
    3061 28 53 61
    3062 28 53 66
    3063 28 53 64
    3064 28 53 67
    3065 35 53 35
    3066 35 53 38
    3067 35 53 49
    3068 35 53 53
    3069 35 53 64
    3070 37 53 37
    3071 38 53 38
    3072 38 53 39
    3073 38 53 40
    3074 38 53 41
    3075 38 53 47
    3076 38 53 48
    3077 38 53 49
    3078 38 53 50
    3079 38 53 51
    3080 38 53 54
    3081 38 53 55
    3082 38 53 56
    3083 38 53 66
    3084 38 53 67
    3085 38 53 64
    3086 38 53 68
    3087 38 53 69
    3088 39 53 39
    3089 39 53 49
    3090 39 53 53
    3091 39 53 64
    3092 40 53 40
    3093 40 53 49
    3094 40 53 53
    3095 40 53 64
    3096 41 53 41
    3097 41 53 49
    3098 41 53 64
    3099 45 53 49
    3100 45 53 64
    3101 46 53 49
    3102 46 53 64
    3103 47 53 47
    3104 47 53 49
    3105 47 53 53
    3106 47 53 64
    3107 36 53 38
    3108 36 53 49
    3109 48 53 48
    3110 48 53 49
    3111 48 53 53
    3112 48 53 64
    3113 36 53 53
    3114 36 53 64
    3115 50 53 50
    3116 50 53 53
    3117 50 53 64
    3118 49 53 49
    3119 49 53 50
    3120 49 53 51
    3121 49 53 53
    3122 49 53 54
    3123 49 53 55
    3124 49 53 56
    3125 49 53 60
    3126 49 53 61
    3127 49 53 66
    3128 49 53 67
    3129 49 53 64
    3130 49 53 68
    3131 51 53 51
    3132 51 53 53
    3133 49 53 69
    3134 51 53 64
    3135 53 53 38
    3136 53 53 54
    3137 53 53 55
    3138 53 53 56
    3139 53 53 66
    3140 53 53 67
    3141 53 53 64
    3142 53 53 68
    3143 54 53 54
    3144 54 53 64
    3145 55 53 64
    3146 56 53 56
    3147 56 53 64
    3148 60 53 64
    3149 61 53 64
    3150 66 53 66
    3151 67 53 67
    3152 68 53 68
    3153 64 53 64
    3154 64 53 66
    3155 64 53 67
    3156 64 53 68
    3157 64 53 69
    3158 69 53 69
    3159 34 54 34
    3160 34 54 28
    3161 2 54 2
    3162 2 54 32
    3163 2 54 28
    3164 3 54 3
    3165 3 54 28
    3166 4 54 4
    3167 4 54 5
    3168 4 54 33
    3169 4 54 32
    3170 4 54 28
    3171 4 54 38
    3172 4 54 39
    3173 4 54 40
    3174 4 54 36
    3175 4 54 41
    3176 4 54 47
    3177 4 54 48
    3178 4 54 49
    3179 4 54 50
    3180 4 54 51
    3181 4 54 54
    3182 4 54 56
    3183 4 54 66
    3184 4 54 67
    3185 4 54 68
    3186 4 54 69
    3187 5 54 5
    3188 5 54 28
    3189 1 54 4
    3190 1 54 1
    3191 1 54 28
    3192 33 54 33
    3193 33 54 32
    3194 33 54 28
    3195 1 54 51
    3196 14 54 28
    3197 32 54 32
    3198 32 54 28
    3199 32 54 39
    3200 32 54 51
    3201 32 54 54
    3202 28 54 28
    3203 28 54 35
    3204 28 54 37
    3205 28 54 38
    3206 28 54 39
    3207 28 54 40
    3208 28 54 36
    3209 28 54 41
    3210 28 54 47
    3211 28 54 48
    3212 28 54 49
    3213 28 54 50
    3214 28 54 51
    3215 28 54 53
    3216 28 54 54
    3217 28 54 55
    3218 28 54 56
    3219 28 54 66
    3220 28 54 67
    3221 28 54 68
    3222 28 54 69
    3223 35 54 35
    3224 37 54 37
    3225 38 54 38
    3226 39 54 39
    3227 39 54 49
    3228 39 54 50
    3229 40 54 40
    3230 41 54 41
    3231 47 54 47
    3232 36 54 36
    3233 36 54 49
    3234 48 54 48
    3235 50 54 50
    3236 49 54 49
    3237 49 54 54
    3238 49 54 56
    3239 49 54 66
    3240 49 54 67
    3241 51 54 51
    3242 53 54 53
    3243 54 54 54
    3244 55 54 55
    3245 56 54 56
    3246 66 54 66
    3247 67 54 67
    3248 68 54 68
    3249 64 54 64
    3250 69 54 69
    3251 34 55 34
    3252 34 55 49
    3253 3 55 3
    3254 3 55 28
    3255 3 55 49
    3256 4 55 4
    3257 4 55 38
    3258 4 55 39
    3259 4 55 40
    3260 4 55 36
    3261 4 55 41
    3262 4 55 47
    3263 4 55 48
    3264 4 55 49
    3265 4 55 50
    3266 4 55 51
    3267 4 55 53
    3268 4 55 54
    3269 4 55 55
    3270 4 55 56
    3271 4 55 68
    3272 4 55 69
    3273 5 55 5
    3274 5 55 49
    3275 33 55 33
    3276 33 55 49
    3277 28 55 28
    3278 28 55 37
    3279 28 55 49
    3280 28 55 54
    3281 28 55 64
    3282 35 55 35
    3283 35 55 49
    3284 37 55 37
    3285 37 55 49
    3286 38 55 38
    3287 38 55 49
    3288 39 55 49
    3289 40 55 49
    3290 41 55 49
    3291 47 55 47
    3292 47 55 49
    3293 36 55 49
    3294 48 55 49
    3295 50 55 50
    3296 49 55 49
    3297 49 55 50
    3298 49 55 51
    3299 49 55 53
    3300 49 55 54
    3301 49 55 55
    3302 49 55 56
    3303 49 55 66
    3304 49 55 67
    3305 49 55 64
    3306 49 55 68
    3307 51 55 51
    3308 49 55 69
    3309 53 55 53
    3310 54 55 54
    3311 55 55 55
    3312 56 55 56
    3313 66 55 66
    3314 67 55 67
    3315 68 55 68
    3316 64 55 64
    3317 69 55 69
    3318 34 56 34
    3319 34 56 49
    3320 34 56 50
    3321 2 56 2
    3322 2 56 49
    3323 2 56 50
    3324 3 56 3
    3325 3 56 49
    3326 3 56 50
    3327 3 56 51
    3328 4 56 4
    3329 4 56 28
    3330 4 56 39
    3331 4 56 49
    3332 4 56 50
    3333 4 56 51
    3334 4 56 55
    3335 4 56 64
    3336 4 56 69
    3337 5 56 5
    3338 5 56 49
    3339 5 56 50
    3340 5 56 51
    3341 1 56 1
    3342 33 56 33
    3343 33 56 49
    3344 33 56 50
    3345 1 56 49
    3346 1 56 50
    3347 32 56 32
    3348 32 56 49
    3349 32 56 50
    3350 32 56 51
    3351 32 56 64
    3352 28 56 28
    3353 28 56 37
    3354 28 56 49
    3355 28 56 50
    3356 28 56 64
    3357 35 56 35
    3358 35 56 49
    3359 35 56 50
    3360 37 56 37
    3361 37 56 49
    3362 38 56 38
    3363 38 56 49
    3364 38 56 50
    3365 39 56 39
    3366 39 56 47
    3367 39 56 49
    3368 39 56 50
    3369 39 56 51
    3370 39 56 64
    3371 40 56 40
    3372 40 56 49
    3373 40 56 50
    3374 40 56 51
    3375 41 56 41
    3376 41 56 49
    3377 41 56 50
    3378 41 56 51
    3379 47 56 47
    3380 47 56 49
    3381 47 56 50
    3382 47 56 51
    3383 36 56 39
    3384 36 56 36
    3385 36 56 49
    3386 36 56 50
    3387 48 56 48
    3388 48 56 49
    3389 48 56 50
    3390 48 56 51
    3391 36 56 51
    3392 50 56 50
    3393 50 56 51
    3394 50 56 53
    3395 50 56 54
    3396 50 56 55
    3397 50 56 56
    3398 50 56 66
    3399 50 56 67
    3400 50 56 64
    3401 50 56 68
    3402 50 56 69
    3403 49 56 49
    3404 49 56 50
    3405 49 56 51
    3406 49 56 53
    3407 49 56 54
    3408 49 56 55
    3409 49 56 56
    3410 49 56 66
    3411 49 56 67
    3412 49 56 64
    3413 49 56 68
    3414 51 56 51
    3415 51 56 54
    3416 51 56 56
    3417 51 56 66
    3418 51 56 67
    3419 49 56 69
    3420 51 56 64
    3421 51 56 68
    3422 51 56 69
    3423 53 56 53
    3424 54 56 54
    3425 55 56 55
    3426 56 56 56
    3427 67 56 67
    3428 68 56 68
    3429 68 56 69
    3430 64 56 64
    3431 69 56 69
    3432 9 58 36
    3433 9 58 41
    3434 8 59 36
    3435 8 59 41
    3436 3 60 5
    3437 3 60 10
    3438 3 60 12
    3439 3 60 38
    3440 3 60 45
    3441 3 60 49
    3442 3 60 53
    3443 3 60 60
    3444 3 60 62
    3445 3 60 63
    3446 3 60 64
    3447 3 60 70
    3448 3 60 71
    3449 5 60 38
    3450 5 60 49
    3451 5 60 53
    3452 5 60 61
    3453 5 60 64
    3454 1 60 3
    3455 10 60 38
    3456 10 60 49
    3457 10 60 53
    3458 10 60 64
    3459 12 60 38
    3460 12 60 49
    3461 12 60 53
    3462 12 60 64
    3463 38 60 38
    3464 38 60 45
    3465 38 60 49
    3466 38 60 53
    3467 38 60 60
    3468 38 60 62
    3469 38 60 63
    3470 38 60 64
    3471 38 60 70
    3472 38 60 71
    3473 45 60 49
    3474 45 60 53
    3475 45 60 64
    3476 49 60 49
    3477 49 60 53
    3478 49 60 60
    3479 49 60 62
    3480 49 60 63
    3481 49 60 64
    3482 49 60 70
    3483 49 60 71
    3484 53 60 60
    3485 53 60 62
    3486 53 60 63
    3487 53 60 64
    3488 53 60 70
    3489 53 60 71
    3490 60 60 64
    3491 62 60 64
    3492 63 60 64
    3493 64 60 64
    3494 64 60 70
    3495 64 60 71
    3496 3 61 5
    3497 3 61 11
    3498 3 61 13
    3499 3 61 38
    3500 3 61 46
    3501 3 61 49
    3502 3 61 53
    3503 3 61 61
    3504 3 61 62
    3505 3 61 63
    3506 3 61 64
    3507 3 61 70
    3508 3 61 71
    3509 5 61 38
    3510 5 61 49
    3511 5 61 53
    3512 5 61 60
    3513 5 61 64
    3514 1 61 3
    3515 11 61 38
    3516 11 61 49
    3517 11 61 53
    3518 11 61 64
    3519 13 61 38
    3520 13 61 49
    3521 13 61 53
    3522 13 61 64
    3523 38 61 38
    3524 38 61 46
    3525 38 61 49
    3526 38 61 53
    3527 38 61 61
    3528 38 61 62
    3529 38 61 63
    3530 38 61 64
    3531 38 61 70
    3532 38 61 71
    3533 46 61 49
    3534 46 61 53
    3535 46 61 64
    3536 49 61 49
    3537 49 61 53
    3538 49 61 61
    3539 49 61 62
    3540 49 61 63
    3541 49 61 64
    3542 49 61 70
    3543 49 61 71
    3544 53 61 61
    3545 53 61 62
    3546 53 61 63
    3547 53 61 64
    3548 53 61 70
    3549 53 61 71
    3550 61 61 64
    3551 62 61 64
    3552 63 61 64
    3553 64 61 64
    3554 64 61 70
    3555 64 61 71
    3556 4 62 5
    3557 4 62 10
    3558 4 62 11
    3559 4 62 45
    3560 4 62 46
    3561 4 62 49
    3562 4 62 60
    3563 4 62 61
    3564 4 62 63
    3565 4 62 70
    3566 4 62 71
    3567 5 62 5
    3568 5 62 49
    3569 1 62 4
    3570 10 62 10
    3571 10 62 49
    3572 11 62 11
    3573 11 62 49
    3574 1 62 49
    3575 45 62 45
    3576 45 62 49
    3577 46 62 46
    3578 46 62 49
    3579 49 62 60
    3580 49 62 61
    3581 49 62 63
    3582 49 62 70
    3583 49 62 71
    3584 60 62 60
    3585 61 62 61
    3586 63 62 63
    3587 70 62 70
    3588 71 62 71
    3589 4 63 40
    3590 4 63 41
    3591 4 63 49
    3592 4 63 50
    3593 4 63 51
    3594 4 63 62
    3595 4 63 63
    3596 4 63 70
    3597 5 63 5
    3598 5 63 49
    3599 5 63 50
    3600 5 63 51
    3601 1 63 4
    3602 1 63 1
    3603 10 63 10
    3604 10 63 49
    3605 10 63 50
    3606 10 63 51
    3607 11 63 11
    3608 11 63 49
    3609 11 63 50
    3610 11 63 51
    3611 1 63 49
    3612 1 63 50
    3613 1 63 51
    3614 39 63 45
    3615 40 63 49
    3616 40 63 63
    3617 41 63 49
    3618 41 63 63
    3619 45 63 45
    3620 45 63 49
    3621 45 63 50
    3622 45 63 51
    3623 46 63 46
    3624 46 63 49
    3625 46 63 50
    3626 46 63 51
    3627 50 63 50
    3628 50 63 60
    3629 50 63 61
    3630 50 63 62
    3631 50 63 63
    3632 50 63 70
    3633 50 63 71
    3634 49 63 50
    3635 49 63 51
    3636 49 63 60
    3637 49 63 61
    3638 49 63 62
    3639 49 63 63
    3640 51 63 51
    3641 51 63 63
    3642 51 63 70
    3643 51 63 71
    3644 49 63 70
    3645 49 63 71
    3646 60 63 60
    3647 61 63 61
    3648 63 63 63
    3649 63 63 70
    3650 71 63 71
    3651 2 65 49
    3652 3 65 38
    3653 3 65 49
    3654 33 65 37
    3655 32 65 37
    3656 37 65 49
    3657 38 65 49
    3658 49 65 49
    3659 49 65 64
    3660 64 65 64
    3661 34 66 34
    3662 34 66 4
    3663 34 66 49
    3664 2 66 2
    3665 2 66 49
    3666 3 66 3
    3667 3 66 4
    3668 3 66 49
    3669 4 66 4
    3670 4 66 5
    3671 4 66 32
    3672 4 66 29
    3673 4 66 35
    3674 4 66 38
    3675 4 66 39
    3676 4 66 36
    3677 4 66 40
    3678 4 66 41
    3679 4 66 47
    3680 4 66 48
    3681 4 66 49
    3682 4 66 50
    3683 4 66 51
    3684 4 66 53
    3685 4 66 54
    3686 4 66 55
    3687 4 66 56
    3688 4 66 66
    3689 4 66 64
    3690 4 66 67
    3691 4 66 68
    3692 4 66 69
    3693 5 66 5
    3694 5 66 49
    3695 1 66 4
    3696 1 66 1
    3697 33 66 33
    3698 33 66 49
    3699 1 66 49
    3700 14 66 14
    3701 14 66 49
    3702 32 66 32
    3703 32 66 49
    3704 32 66 64
    3705 29 66 29
    3706 29 66 37
    3707 29 66 49
    3708 35 66 35
    3709 35 66 49
    3710 37 66 37
    3711 37 66 49
    3712 38 66 38
    3713 38 66 49
    3714 39 66 39
    3715 39 66 49
    3716 40 66 40
    3717 40 66 49
    3718 41 66 41
    3719 41 66 49
    3720 47 66 47
    3721 47 66 49
    3722 36 66 36
    3723 36 66 49
    3724 48 66 48
    3725 48 66 49
    3726 50 66 50
    3727 49 66 49
    3728 49 66 50
    3729 49 66 51
    3730 49 66 53
    3731 49 66 54
    3732 49 66 55
    3733 49 66 56
    3734 49 66 66
    3735 49 66 64
    3736 49 66 67
    3737 49 66 68
    3738 51 66 51
    3739 49 66 69
    3740 53 66 53
    3741 54 66 54
    3742 56 66 56
    3743 66 66 66
    3744 66 66 67
    3745 67 66 67
    3746 68 66 68
    3747 68 66 69
    3748 64 66 64
    3749 69 66 69
    3750 34 67 34
    3751 34 67 4
    3752 34 67 32
    3753 34 67 49
    3754 2 67 2
    3755 2 67 49
    3756 3 67 3
    3757 3 67 4
    3758 3 67 49
    3759 4 67 4
    3760 4 67 5
    3761 4 67 15
    3762 4 67 32
    3763 4 67 29
    3764 4 67 35
    3765 4 67 38
    3766 4 67 39
    3767 4 67 36
    3768 4 67 40
    3769 4 67 41
    3770 4 67 47
    3771 4 67 48
    3772 4 67 49
    3773 4 67 50
    3774 4 67 51
    3775 4 67 53
    3776 4 67 54
    3777 4 67 55
    3778 4 67 56
    3779 4 67 66
    3780 4 67 64
    3781 4 67 67
    3782 4 67 68
    3783 4 67 69
    3784 5 67 5
    3785 5 67 49
    3786 1 67 4
    3787 1 67 1
    3788 8 67 49
    3789 33 67 33
    3790 33 67 32
    3791 33 67 49
    3792 1 67 49
    3793 1 67 51
    3794 14 67 14
    3795 15 67 49
    3796 32 67 32
    3797 32 67 49
    3798 29 67 29
    3799 29 67 37
    3800 29 67 49
    3801 35 67 35
    3802 35 67 49
    3803 37 67 37
    3804 37 67 49
    3805 38 67 38
    3806 38 67 49
    3807 38 67 50
    3808 38 67 51
    3809 39 67 39
    3810 39 67 49
    3811 39 67 51
    3812 40 67 40
    3813 40 67 49
    3814 41 67 41
    3815 41 67 49
    3816 47 67 47
    3817 47 67 49
    3818 36 67 36
    3819 36 67 49
    3820 48 67 48
    3821 48 67 49
    3822 36 67 51
    3823 50 67 50
    3824 50 67 51
    3825 50 67 53
    3826 49 67 49
    3827 49 67 50
    3828 49 67 51
    3829 49 67 53
    3830 49 67 54
    3831 49 67 55
    3832 49 67 56
    3833 49 67 66
    3834 49 67 64
    3835 49 67 67
    3836 49 67 68
    3837 51 67 51
    3838 49 67 69
    3839 54 67 54
    3840 56 67 56
    3841 66 67 66
    3842 66 67 67
    3843 67 67 67
    3844 68 67 68
    3845 68 67 69
    3846 64 67 64
    3847 69 67 69
    3848 34 68 29
    3849 2 68 29
    3850 3 68 29
    3851 4 68 29
    3852 5 68 29
    3853 8 68 29
    3854 1 68 29
    3855 32 68 29
    3856 29 68 29
    3857 29 68 35
    3858 29 68 37
    3859 29 68 38
    3860 29 68 36
    3861 29 68 39
    3862 29 68 40
    3863 29 68 41
    3864 29 68 47
    3865 29 68 48
    3866 29 68 49
    3867 29 68 50
    3868 29 68 51
    3869 29 68 53
    3870 29 68 54
    3871 29 68 55
    3872 29 68 56
    3873 29 68 64
    3874 29 68 66
    3875 29 68 67
    3876 29 68 68
    3877 29 68 69
    3878 34 69 34
    3879 34 69 4
    3880 2 69 2
    3881 2 69 4
    3882 3 69 3
    3883 3 69 4
    3884 3 69 15
    3885 3 69 38
    3886 3 69 41
    3887 3 69 51
    3888 3 69 69
    3889 4 69 4
    3890 4 69 5
    3891 4 69 8
    3892 4 69 9
    3893 4 69 33
    3894 4 69 15
    3895 4 69 32
    3896 4 69 35
    3897 4 69 37
    3898 4 69 38
    3899 4 69 39
    3900 4 69 36
    3901 4 69 40
    3902 4 69 41
    3903 4 69 47
    3904 4 69 48
    3905 4 69 49
    3906 4 69 50
    3907 4 69 51
    3908 4 69 53
    3909 4 69 54
    3910 4 69 55
    3911 4 69 56
    3912 4 69 66
    3913 4 69 64
    3914 4 69 67
    3915 4 69 68
    3916 4 69 69
    3917 5 69 5
    3918 5 69 8
    3919 5 69 9
    3920 5 69 33
    3921 5 69 36
    3922 5 69 41
    3923 5 69 43
    3924 5 69 44
    3925 5 69 69
    3926 1 69 3
    3927 1 69 4
    3928 1 69 1
    3929 1 69 8
    3930 8 69 8
    3931 8 69 9
    3932 8 69 36
    3933 8 69 41
    3934 8 69 43
    3935 8 69 51
    3936 8 69 69
    3937 9 69 9
    3938 9 69 36
    3939 9 69 41
    3940 9 69 44
    3941 9 69 51
    3942 9 69 69
    3943 33 69 33
    3944 14 69 14
    3945 32 69 32
    3946 32 69 69
    3947 35 69 35
    3948 37 69 37
    3949 38 69 38
    3950 39 69 39
    3951 40 69 40
    3952 41 69 41
    3953 43 69 43
    3954 44 69 44
    3955 47 69 47
    3956 36 69 36
    3957 48 69 48
    3958 50 69 50
    3959 49 69 49
    3960 49 69 56
    3961 49 69 67
    3962 51 69 51
    3963 49 69 69
    3964 53 69 53
    3965 54 69 54
    3966 56 69 56
    3967 66 69 66
    3968 66 69 67
    3969 67 69 67
    3970 68 69 68
    3971 68 69 69
    3972 64 69 64
    3973 69 69 69
    3974 4 70 5
    3975 4 70 8
    3976 4 70 10
    3977 4 70 11
    3978 4 70 45
    3979 4 70 46
    3980 4 70 49
    3981 4 70 60
    3982 4 70 61
    3983 4 70 62
    3984 4 70 63
    3985 4 70 70
    3986 4 70 71
    3987 5 70 5
    3988 5 70 49
    3989 1 70 4
    3990 1 70 1
    3991 8 70 49
    3992 10 70 10
    3993 10 70 49
    3994 11 70 11
    3995 11 70 49
    3996 1 70 49
    3997 45 70 45
    3998 45 70 49
    3999 46 70 46
    4000 46 70 49
    4001 49 70 60
    4002 49 70 61
    4003 49 70 62
    4004 49 70 63
    4005 49 70 70
    4006 49 70 71
    4007 60 70 60
    4008 61 70 61
    4009 63 70 63
    4010 70 70 70
    4011 71 70 71
    4012 4 71 5
    4013 4 71 8
    4014 4 71 10
    4015 4 71 11
    4016 4 71 45
    4017 4 71 46
    4018 4 71 49
    4019 4 71 60
    4020 4 71 61
    4021 4 71 62
    4022 4 71 63
    4023 4 71 70
    4024 4 71 71
    4025 5 71 5
    4026 5 71 8
    4027 5 71 39
    4028 5 71 36
    4029 5 71 45
    4030 5 71 47
    4031 5 71 49
    4032 5 71 50
    4033 5 71 51
    4034 1 71 4
    4035 1 71 1
    4036 8 71 39
    4037 8 71 49
    4038 9 71 39
    4039 9 71 47
    4040 9 71 49
    4041 10 71 10
    4042 10 71 49
    4043 11 71 11
    4044 11 71 49
    4045 1 71 49
    4046 32 71 49
    4047 38 71 49
    4048 39 71 45
    4049 39 71 49
    4050 41 71 41
    4051 43 71 43
    4052 44 71 44
    4053 45 71 45
    4054 45 71 49
    4055 46 71 46
    4056 46 71 49
    4057 47 71 49
    4058 36 71 49
    4059 49 71 49
    4060 49 71 50
    4061 49 71 51
    4062 49 71 60
    4063 49 71 61
    4064 49 71 62
    4065 49 71 63
    4066 49 71 70
    4067 49 71 71
    4068 63 71 63
    4069 70 71 70
    4070 71 71 71
    4071 3 2 11
    4072 4 2 13
    4073 46 2 64
    4074 34 3 11
    4075 9 3 22
    4076 9 3 47
    4077 9 3 49
    4078 11 3 33
    4079 11 3 22
    4080 11 3 41
    4081 11 3 47
    4082 11 3 48
    4083 11 3 49
    4084 11 3 50
    4085 11 3 51
    4086 22 3 46
    4087 23 3 46
    4088 46 3 51
    4089 46 3 69
    4090 36 3 46
    4091 5 4 11
    4092 9 4 14
    4093 1 4 11
    4094 9 4 31
    4095 9 4 38
    4096 9 4 40
    4097 9 4 41
    4098 9 4 56
    4099 11 4 11
    4100 11 4 36
    4101 11 4 50
    4102 11 4 51
    4103 11 4 69
    4104 9 5 7
    4105 11 5 41
    4106 13 5 7
    4107 33 5 7
    4108 7 5 32
    4109 7 5 22
    4110 7 5 41
    4111 7 5 42
    4112 7 5 47
    4113 7 5 50
    4114 7 5 69
    4115 5 1 46
    4116 34 9 1
    4117 34 9 9
    4118 34 9 8
    4119 34 9 41
    4120 5 9 11
    4121 5 9 47
    4122 9 1 11
    4123 9 9 32
    4124 1 9 13
    4125 9 9 71
    4126 8 9 32
    4127 8 9 48
    4128 1 9 32
    4129 13 9 41
    4130 13 9 69
    4131 9 1 22
    4132 33 9 41
    4133 33 9 69
    4134 1 9 46
    4135 9 1 64
    4136 9 1 69
    4137 14 9 43
    4138 14 9 51
    4139 8 1 14
    4140 8 1 43
    4141 11 1 14
    4142 11 1 22
    4143 11 1 69
    4144 41 9 48
    4145 41 9 50
    4146 41 9 70
    4147 41 9 71
    4148 44 9 48
    4149 43 9 43
    4150 43 9 46
    4151 43 9 48
    4152 43 9 68
    4153 43 9 70
    4154 43 9 71
    4155 46 9 69
    4156 36 9 38
    4157 48 9 51
    4158 48 9 69
    4159 5 8 11
    4160 5 8 41
    4161 9 8 12
    4162 9 8 15
    4163 9 8 44
    4164 8 8 15
    4165 11 8 43
    4166 1 8 22
    4167 41 8 47
    4168 41 8 69
    4169 43 8 43
    4170 50 8 51
    4171 3 11 33
    4172 3 11 22
    4173 3 11 37
    4174 3 11 41
    4175 3 11 50
    4176 4 11 13
    4177 4 11 45
    4178 4 11 47
    4179 5 11 11
    4180 5 11 33
    4181 5 11 22
    4182 5 11 47
    4183 5 11 51
    4184 5 11 69
    4185 1 11 5
    4186 9 11 8
    4187 1 11 11
    4188 1 11 13
    4189 9 11 22
    4190 1 11 33
    4191 9 11 47
    4192 1 11 15
    4193 11 11 33
    4194 11 11 50
    4195 10 11 15
    4196 10 11 22
    4197 10 11 37
    4198 10 11 47
    4199 13 11 38
    4200 1 11 50
    4201 1 11 51
    4202 22 11 37
    4203 22 11 46
    4204 38 11 51
    4205 38 11 69
    4206 46 11 47
    4207 45 11 47
    4208 5 10 9
    4209 1 10 8
    4210 1 10 38
    4211 22 10 46
    4212 2 13 9
    4213 13 12 12
    4214 36 1 46
    4215 5 7 41
    4216 42 7 42
    4217 9 14 25
    4218 11 15 20
    4219 11 15 36
    4220 11 15 69
    4221 9 38 41
    4222 9 38 47
    4223 4 40 9
    4224 4 41 7
    4225 5 41 7
    4226 9 41 11
    4227 7 42 42
    4228 1 36 11
    4229 5 43 44
    4230 3 46 13
    4231 1 46 71
    4232 4 47 10
    4233 9 47 38
    4234 9 47 71
    4235 11 47 71
    4236 26 36 44
    4237 9 48 49
    4238 39 63 46
    4239 9 67 49
    4240 9 68 29
    4241 1 69 9
    4242 4 70 9
    4243 9 70 49
    4244 4 71 9
    4245 5 71 9
    4246 5 71 46
    4247 8 71 47
    4248 39 71 46
