    1 52 30
    2 30 30
    3 34 34
    4 34 2
    5 34 3
    6 34 1
    7 34 4
    8 34 5
    9 34 8
    10 34 14
    11 34 35
    12 34 37
    13 34 38
    14 34 36
    15 34 39
    16 34 40
    17 34 41
    18 34 47
    19 34 48
    20 34 49
    21 34 50
    22 34 51
    23 34 53
    24 34 54
    25 34 55
    26 34 56
    27 34 64
    28 34 66
    29 34 67
    30 34 68
    31 34 69
    32 2 2
    33 2 3
    34 2 4
    35 2 5
    36 2 10
    37 2 12
    38 2 13
    39 2 33
    40 2 14
    41 2 32
    42 2 24
    43 2 25
    44 2 35
    45 2 37
    46 2 38
    47 2 39
    48 2 40
    49 2 36
    50 2 41
    51 2 45
    52 2 46
    53 2 47
    54 2 48
    55 2 49
    56 2 50
    57 2 51
    58 2 53
    59 2 54
    60 2 55
    61 2 56
    62 2 65
    63 2 64
    64 2 66
    65 2 67
    66 2 68
    67 2 69
    68 3 3
    69 3 4
    70 3 5
    71 3 8
    72 3 9
    73 3 10
    74 3 11
    75 3 33
    76 3 16
    77 3 14
    78 3 15
    79 3 32
    80 3 22
    81 3 23
    82 3 24
    83 3 25
    84 3 31
    85 3 35
    86 3 37
    87 3 38
    88 3 39
    89 3 36
    90 3 40
    91 3 41
    92 3 43
    93 3 44
    94 3 45
    95 3 46
    96 3 47
    97 3 48
    98 3 49
    99 3 50
    100 3 51
    101 3 53
    102 3 54
    103 3 55
    104 3 56
    105 3 60
    106 3 61
    107 3 65
    108 3 64
    109 3 66
    110 3 67
    111 3 68
    112 3 69
    113 4 4
    114 4 5
    115 4 8
    116 4 9
    117 4 10
    118 4 11
    119 4 33
    120 4 16
    121 4 17
    122 4 14
    123 4 15
    124 4 32
    125 4 19
    126 4 20
    127 4 21
    128 4 25
    129 4 31
    130 4 35
    131 4 37
    132 4 38
    133 4 36
    134 4 39
    135 4 40
    136 4 41
    137 4 43
    138 4 44
    139 4 47
    140 4 48
    141 4 49
    142 4 50
    143 4 51
    144 4 53
    145 4 54
    146 4 55
    147 4 56
    148 4 62
    149 4 63
    150 4 64
    151 4 66
    152 4 67
    153 4 68
    154 4 69
    155 4 70
    156 4 71
    157 5 5
    158 5 8
    159 5 9
    160 5 10
    161 5 11
    162 5 12
    163 5 13
    164 5 33
    165 5 6
    166 5 7
    167 5 14
    168 5 15
    169 5 32
    170 5 22
    171 5 23
    172 5 24
    173 5 35
    174 5 37
    175 5 38
    176 5 36
    177 5 40
    178 5 41
    179 5 42
    180 5 43
    181 5 44
    182 5 45
    183 5 46
    184 5 47
    185 5 48
    186 5 49
    187 5 50
    188 5 51
    189 5 53
    190 5 54
    191 5 55
    192 5 56
    193 5 60
    194 5 61
    195 5 62
    196 5 63
    197 5 64
    198 5 66
    199 5 67
    200 5 68
    201 5 69
    202 5 70
    203 5 71
    204 1 2
    205 1 3
    206 1 1
    207 1 4
    208 1 5
    209 1 8
    210 8 8
    211 8 9
    212 8 10
    213 8 11
    214 8 12
    215 8 13
    216 8 33
    217 8 14
    218 1 9
    219 1 10
    220 1 11
    221 8 32
    222 1 12
    223 1 13
    224 8 22
    225 8 23
    226 8 24
    227 1 33
    228 8 38
    229 8 36
    230 8 40
    231 8 41
    232 8 43
    233 8 44
    234 8 45
    235 8 46
    236 8 47
    237 8 48
    238 8 50
    239 8 51
    240 8 59
    241 8 68
    242 8 69
    243 8 70
    244 8 71
    245 1 16
    246 1 14
    247 1 15
    248 9 9
    249 9 10
    250 9 11
    251 9 12
    252 9 13
    253 9 33
    254 9 14
    255 9 15
    256 9 22
    257 9 23
    258 9 24
    259 9 38
    260 9 36
    261 9 41
    262 9 43
    263 9 44
    264 9 45
    265 9 47
    266 9 50
    267 9 51
    268 9 58
    269 9 69
    270 9 71
    271 10 10
    272 10 11
    273 10 12
    274 10 13
    275 10 33
    276 10 14
    277 10 15
    278 10 22
    279 10 24
    280 10 37
    281 10 38
    282 10 36
    283 10 41
    284 10 45
    285 10 46
    286 10 47
    287 10 50
    288 10 51
    289 10 53
    290 10 60
    291 10 62
    292 10 63
    293 10 64
    294 10 69
    295 10 70
    296 10 71
    297 1 32
    298 11 11
    299 11 12
    300 11 13
    301 11 22
    302 11 24
    303 11 37
    304 11 38
    305 11 36
    306 11 45
    307 11 46
    308 11 47
    309 11 50
    310 11 51
    311 11 53
    312 11 61
    313 11 62
    314 11 63
    315 11 64
    316 11 70
    317 11 71
    318 12 12
    319 12 13
    320 12 37
    321 12 45
    322 12 60
    323 1 22
    324 1 23
    325 1 24
    326 13 13
    327 13 37
    328 13 46
    329 13 61
    330 1 35
    331 33 33
    332 33 14
    333 33 15
    334 33 32
    335 33 35
    336 33 37
    337 33 38
    338 33 39
    339 33 36
    340 33 40
    341 33 41
    342 33 47
    343 33 48
    344 33 49
    345 33 50
    346 33 51
    347 33 53
    348 33 54
    349 33 55
    350 33 56
    351 33 57
    352 33 64
    353 33 65
    354 33 66
    355 33 67
    356 33 68
    357 33 69
    358 33 70
    359 33 71
    360 1 38
    361 1 40
    362 1 36
    363 1 43
    364 1 44
    365 1 45
    366 1 46
    367 1 48
    368 1 49
    369 1 50
    370 1 51
    371 1 53
    372 1 54
    373 1 55
    374 1 56
    375 6 6
    376 6 7
    377 1 60
    378 1 61
    379 6 41
    380 6 42
    381 1 62
    382 1 63
    383 7 7
    384 1 64
    385 1 66
    386 1 67
    387 1 68
    388 1 69
    389 1 70
    390 1 71
    391 16 16
    392 16 14
    393 16 24
    394 17 17
    395 17 15
    396 17 24
    397 14 17
    398 14 14
    399 14 15
    400 14 32
    401 14 19
    402 14 20
    403 14 25
    404 14 31
    405 14 38
    406 14 39
    407 14 36
    408 14 41
    409 14 47
    410 14 50
    411 14 51
    412 14 54
    413 14 66
    414 14 67
    415 14 69
    416 15 15
    417 15 32
    418 15 19
    419 15 20
    420 15 25
    421 15 36
    422 15 39
    423 15 50
    424 15 51
    425 15 67
    426 15 69
    427 18 47
    428 32 37
    429 32 38
    430 32 39
    431 32 36
    432 32 40
    433 32 41
    434 32 47
    435 32 48
    436 32 49
    437 32 50
    438 32 51
    439 32 53
    440 32 54
    441 32 55
    442 32 56
    443 32 65
    444 32 64
    445 32 66
    446 32 67
    447 32 68
    448 32 69
    449 26 37
    450 26 38
    451 26 39
    452 26 36
    453 26 40
    454 26 41
    455 26 47
    456 26 48
    457 27 49
    458 27 50
    459 28 53
    460 28 54
    461 28 55
    462 28 56
    463 29 64
    464 29 66
    465 29 67
    466 29 68
    467 35 35
    468 35 37
    469 35 38
    470 35 36
    471 35 39
    472 35 40
    473 35 41
    474 35 47
    475 35 48
    476 35 49
    477 35 50
    478 35 51
    479 35 53
    480 35 54
    481 35 55
    482 35 56
    483 35 64
    484 35 66
    485 35 67
    486 35 68
    487 35 69
    488 37 37
    489 37 38
    490 37 39
    491 37 40
    492 37 41
    493 37 43
    494 37 44
    495 37 45
    496 37 46
    497 37 47
    498 37 48
    499 37 49
    500 37 50
    501 37 51
    502 37 53
    503 37 54
    504 37 55
    505 37 56
    506 37 65
    507 37 64
    508 37 66
    509 37 67
    510 37 68
    511 37 69
    512 38 38
    513 38 39
    514 38 40
    515 38 41
    516 38 43
    517 38 44
    518 38 45
    519 38 46
    520 38 47
    521 38 48
    522 38 49
    523 38 50
    524 38 51
    525 38 53
    526 38 54
    527 38 55
    528 38 56
    529 38 60
    530 38 61
    531 38 65
    532 38 66
    533 38 64
    534 38 67
    535 38 68
    536 38 69
    537 39 39
    538 39 40
    539 39 41
    540 39 47
    541 39 48
    542 39 49
    543 39 50
    544 39 51
    545 39 53
    546 39 54
    547 39 55
    548 39 56
    549 39 63
    550 39 64
    551 39 66
    552 39 67
    553 39 68
    554 39 69
    555 39 71
    556 40 40
    557 40 41
    558 40 47
    559 40 48
    560 40 49
    561 40 50
    562 40 51
    563 40 53
    564 40 54
    565 40 55
    566 40 56
    567 40 63
    568 40 64
    569 40 66
    570 40 67
    571 40 68
    572 40 69
    573 41 41
    574 41 42
    575 41 43
    576 41 44
    577 41 47
    578 41 48
    579 41 49
    580 41 50
    581 41 51
    582 41 53
    583 41 54
    584 41 55
    585 41 56
    586 41 58
    587 41 59
    588 41 63
    589 41 64
    590 41 66
    591 41 67
    592 41 68
    593 41 69
    594 41 71
    595 42 42
    596 42 57
    597 43 43
    598 43 44
    599 43 51
    600 43 69
    601 43 71
    602 44 44
    603 44 51
    604 44 69
    605 44 71
    606 45 45
    607 45 46
    608 45 49
    609 45 53
    610 45 60
    611 45 62
    612 45 63
    613 45 64
    614 45 70
    615 45 71
    616 46 46
    617 46 49
    618 46 53
    619 46 61
    620 46 62
    621 46 63
    622 46 64
    623 46 70
    624 46 71
    625 47 47
    626 47 48
    627 47 49
    628 47 50
    629 47 51
    630 47 53
    631 47 54
    632 47 55
    633 47 56
    634 47 64
    635 47 66
    636 47 67
    637 47 68
    638 47 69
    639 47 71
    640 36 37
    641 36 38
    642 36 39
    643 36 40
    644 36 36
    645 36 41
    646 36 43
    647 36 44
    648 36 47
    649 36 48
    650 36 49
    651 36 50
    652 48 48
    653 48 49
    654 48 50
    655 48 51
    656 48 53
    657 48 54
    658 48 55
    659 48 56
    660 48 64
    661 36 51
    662 48 66
    663 48 67
    664 48 68
    665 48 69
    666 36 53
    667 36 54
    668 36 55
    669 36 56
    670 36 58
    671 36 59
    672 36 64
    673 36 66
    674 36 67
    675 36 68
    676 36 69
    677 36 71
    678 50 50
    679 50 51
    680 50 53
    681 50 54
    682 50 55
    683 50 56
    684 50 63
    685 50 64
    686 50 66
    687 50 67
    688 50 68
    689 50 69
    690 50 71
    691 49 49
    692 49 50
    693 49 51
    694 49 53
    695 49 54
    696 49 55
    697 49 56
    698 49 60
    699 49 61
    700 49 62
    701 49 63
    702 49 64
    703 49 65
    704 49 66
    705 49 67
    706 49 68
    707 51 51
    708 51 53
    709 51 54
    710 51 55
    711 51 56
    712 51 63
    713 51 64
    714 49 69
    715 51 66
    716 51 67
    717 51 68
    718 51 69
    719 51 71
    720 49 70
    721 49 71
    722 53 53
    723 53 54
    724 53 55
    725 53 56
    726 53 60
    727 53 61
    728 53 64
    729 53 66
    730 53 67
    731 53 68
    732 53 69
    733 54 54
    734 54 55
    735 54 56
    736 54 64
    737 54 66
    738 54 67
    739 54 68
    740 54 69
    741 55 55
    742 55 56
    743 55 64
    744 55 66
    745 55 67
    746 55 68
    747 55 69
    748 56 56
    749 56 64
    750 56 66
    751 56 67
    752 56 68
    753 56 69
    754 60 60
    755 60 61
    756 60 62
    757 60 63
    758 60 64
    759 60 70
    760 60 71
    761 61 61
    762 61 62
    763 61 63
    764 61 64
    765 61 70
    766 61 71
    767 62 63
    768 62 70
    769 62 71
    770 63 63
    771 63 70
    772 63 71
    773 66 66
    774 66 67
    775 66 68
    776 66 69
    777 67 67
    778 67 68
    779 67 69
    780 68 68
    781 68 69
    782 64 64
    783 64 65
    784 64 66
    785 64 67
    786 64 68
    787 64 69
    788 69 69
    789 70 70
    790 70 71
    791 71 71
    792 34 9
    793 2 11
    794 9 32
    795 9 40
    796 9 46
    797 9 48
    798 9 68
    799 9 70
    800 8 15
    801 11 33
    802 11 14
    803 11 15
    804 11 41
    805 11 69
    806 7 41
    807 7 42
