1 3 1 4 2 13
2 3 1 5 3 14
3 3 7 10 8 17
4 3 7 11 9 18
5 3 21 24 22 33
6 3 21 25 23 34
7 3 27 30 28 37
8 3 27 31 29 38
9 3 41 44 42 53
10 3 41 45 43 54
11 3 47 50 48 57
12 3 47 51 49 58
13 3 61 64 62 73
14 3 61 65 63 74
15 3 67 70 68 77
16 3 67 71 69 78
17 3 81 84 82 93
18 3 81 85 83 94
19 3 87 90 88 97
20 3 87 91 89 98
21 3 101 104 102 113
22 3 101 105 103 114
23 3 107 110 108 117
24 3 107 111 109 118
25 3 121 124 122 133
26 3 121 125 123 134
27 3 127 130 128 137
28 3 127 131 129 138
29 3 141 144 142 153
30 3 141 145 143 154
31 3 147 150 148 157
32 3 147 151 149 158
33 3 161 164 162 173
34 3 161 165 163 174
35 3 167 170 168 177
36 3 167 171 169 178
37 3 181 184 182 193
38 3 181 185 183 194
39 3 187 190 188 197
40 3 187 191 189 198
41 3 201 204 202 213
42 3 201 205 203 214
43 3 207 210 208 217
44 3 207 211 209 218
45 3 221 224 222 233
46 3 221 225 223 234
47 3 227 230 228 237
48 3 227 231 229 238
49 3 241 244 242 253
50 3 241 245 243 254
51 3 247 250 248 257
52 3 247 251 249 258
53 3 261 264 262 273
54 3 261 265 263 274
55 3 267 270 268 277
56 3 267 271 269 278
57 3 281 284 282 293
58 3 281 285 283 294
59 3 287 290 288 297
60 3 287 291 289 298
61 3 301 304 302 313
62 3 301 305 303 314
63 3 307 310 308 317
64 3 307 311 309 318
65 3 321 324 322 333
66 3 321 325 323 334
67 3 327 330 328 337
68 3 327 331 329 338
69 3 341 344 342 353
70 3 341 345 343 354
71 3 347 350 348 357
72 3 347 351 349 358
73 3 361 364 362 373
74 3 361 365 363 374
75 3 367 370 368 377
76 3 367 371 369 378
77 3 381 384 382 393
78 3 381 385 383 394
79 3 387 390 388 397
80 3 387 391 389 398
81 3 401 404 402 413
82 3 401 405 403 414
83 3 407 410 408 417
84 3 407 411 409 418
85 3 421 424 422 433
86 3 421 425 423 434
87 3 427 430 428 437
88 3 427 431 429 438
89 3 441 444 442 453
90 3 441 445 443 454
91 3 447 450 448 457
92 3 447 451 449 458
93 3 461 464 462 473
94 3 461 465 463 474
95 3 467 470 468 477
96 3 467 471 469 478
97 3 481 484 482 493
98 3 481 485 483 494
99 3 487 490 488 497
100 3 487 491 489 498
101 3 501 504 502 513
102 3 501 505 503 514
103 3 507 510 508 517
104 3 507 511 509 518
105 3 521 524 522 533
106 3 521 525 523 534
107 3 527 530 528 537
108 3 527 531 529 538
109 3 541 544 542 553
110 3 541 545 543 554
111 3 547 550 548 557
112 3 547 551 549 558
113 3 561 564 562 573
114 3 561 565 563 574
115 3 567 570 568 577
116 3 567 571 569 578
117 3 581 584 582 593
118 3 581 585 583 594
119 3 587 590 588 597
120 3 587 591 589 598
121 3 601 604 602 613
122 3 601 605 603 614
123 3 607 610 608 617
124 3 607 611 609 618
125 3 621 624 622 633
126 3 621 625 623 634
127 3 627 630 628 637
128 3 627 631 629 638
129 3 641 644 642 653
130 3 641 645 643 654
131 3 647 650 648 657
132 3 647 651 649 658
133 3 661 664 662 673
134 3 661 665 663 674
135 3 667 670 668 677
136 3 667 671 669 678
137 3 681 684 682 693
138 3 681 685 683 694
139 3 687 690 688 697
140 3 687 691 689 698
141 3 701 704 702 713
142 3 701 705 703 714
143 3 707 710 708 717
144 3 707 711 709 718
145 3 721 724 722 733
146 3 721 725 723 734
147 3 727 730 728 737
148 3 727 731 729 738
149 3 741 744 742 753
150 3 741 745 743 754
151 3 747 750 748 757
152 3 747 751 749 758
153 3 761 764 762 773
154 3 761 765 763 774
155 3 767 770 768 777
156 3 767 771 769 778
157 3 781 784 782 793
158 3 781 785 783 794
159 3 787 790 788 797
160 3 787 791 789 798
161 3 801 804 802 813
162 3 801 805 803 814
163 3 807 810 808 817
164 3 807 811 809 818
165 3 821 824 822 833
166 3 821 825 823 834
167 3 827 830 828 837
168 3 827 831 829 838
169 3 841 844 842 853
170 3 841 845 843 854
171 3 847 850 848 857
172 3 847 851 849 858
173 3 861 864 862 873
174 3 861 865 863 874
175 3 867 870 868 877
176 3 867 871 869 878
177 3 881 884 882 893
178 3 881 885 883 894
179 3 887 890 888 897
180 3 887 891 889 898
181 3 901 904 902 913
182 3 901 905 903 914
183 3 907 910 908 917
184 3 907 911 909 918
185 3 921 924 922 933
186 3 921 925 923 934
187 3 927 930 928 937
188 3 927 931 929 938
189 3 941 944 942 953
190 3 941 945 943 954
191 3 947 950 948 957
192 3 947 951 949 958
193 3 961 964 962 973
194 3 961 965 963 974
195 3 967 970 968 977
196 3 967 971 969 978
197 3 981 984 982 993
198 3 981 985 983 994
199 3 987 990 988 997
200 3 987 991 989 998
201 3 1001 1004 1002 1013
202 3 1001 1005 1003 1014
203 3 1007 1010 1008 1017
204 3 1007 1011 1009 1018
205 3 1021 1024 1022 1033
206 3 1021 1025 1023 1034
207 3 1027 1030 1028 1037
208 3 1027 1031 1029 1038
209 3 1041 1044 1042 1053
210 3 1041 1045 1043 1054
211 3 1047 1050 1048 1057
212 3 1047 1051 1049 1058
213 3 1061 1064 1062 1073
214 3 1061 1065 1063 1074
215 3 1067 1070 1068 1077
216 3 1067 1071 1069 1078
217 3 1081 1084 1082 1093
218 3 1081 1085 1083 1094
219 3 1087 1090 1088 1097
220 3 1087 1091 1089 1098
221 3 1101 1104 1102 1113
222 3 1101 1105 1103 1114
223 3 1107 1110 1108 1117
224 3 1107 1111 1109 1118
225 3 1121 1124 1122 1133
226 3 1121 1125 1123 1134
227 3 1127 1130 1128 1137
228 3 1127 1131 1129 1138
229 3 1141 1144 1142 1153
230 3 1141 1145 1143 1154
231 3 1147 1150 1148 1157
232 3 1147 1151 1149 1158
233 3 1161 1164 1162 1173
234 3 1161 1165 1163 1174
235 3 1167 1170 1168 1177
236 3 1167 1171 1169 1178
237 3 1181 1184 1182 1193
238 3 1181 1185 1183 1194
239 3 1187 1190 1188 1197
240 3 1187 1191 1189 1198
241 3 1201 1204 1202 1213
242 3 1201 1205 1203 1214
243 3 1207 1210 1208 1217
244 3 1207 1211 1209 1218
245 3 1221 1224 1222 1233
246 3 1221 1225 1223 1234
247 3 1227 1230 1228 1237
248 3 1227 1231 1229 1238
249 3 1241 1244 1242 1253
250 3 1241 1245 1243 1254
251 3 1247 1250 1248 1257
252 3 1247 1251 1249 1258
253 3 1261 1264 1262 1273
254 3 1261 1265 1263 1274
255 3 1267 1270 1268 1277
256 3 1267 1271 1269 1278
257 3 1281 1284 1282 1293
258 3 1281 1285 1283 1294
259 3 1287 1290 1288 1297
260 3 1287 1291 1289 1298
261 3 1301 1304 1302 1313
262 3 1301 1305 1303 1314
263 3 1307 1310 1308 1317
264 3 1307 1311 1309 1318
265 3 1321 1324 1322 1333
266 3 1321 1325 1323 1334
267 3 1327 1330 1328 1337
268 3 1327 1331 1329 1338
269 3 1341 1344 1342 1353
270 3 1341 1345 1343 1354
271 3 1347 1350 1348 1357
272 3 1347 1351 1349 1358
273 3 1361 1364 1362 1373
274 3 1361 1365 1363 1374
275 3 1367 1370 1368 1377
276 3 1367 1371 1369 1378
277 3 1381 1384 1382 1393
278 3 1381 1385 1383 1394
279 3 1387 1390 1388 1397
280 3 1387 1391 1389 1398
281 3 1401 1404 1402 1413
282 3 1401 1405 1403 1414
283 3 1407 1410 1408 1417
284 3 1407 1411 1409 1418
285 3 1421 1424 1422 1433
286 3 1421 1425 1423 1434
287 3 1427 1430 1428 1437
288 3 1427 1431 1429 1438
289 3 1441 1444 1442 1453
290 3 1441 1445 1443 1454
291 3 1447 1450 1448 1457
292 3 1447 1451 1449 1458
293 3 1461 1464 1462 1473
294 3 1461 1465 1463 1474
295 3 1467 1470 1468 1477
296 3 1467 1471 1469 1478
297 3 1481 1484 1482 1493
298 3 1481 1485 1483 1494
299 3 1487 1490 1488 1497
300 3 1487 1491 1489 1498
301 3 1501 1504 1502 1513
302 3 1501 1505 1503 1514
303 3 1507 1510 1508 1517
304 3 1507 1511 1509 1518
305 3 1521 1524 1522 1533
306 3 1521 1525 1523 1534
307 3 1527 1530 1528 1537
308 3 1527 1531 1529 1538
309 3 1541 1544 1542 1553
310 3 1541 1545 1543 1554
311 3 1547 1550 1548 1557
312 3 1547 1551 1549 1558
313 3 1561 1564 1562 1573
314 3 1561 1565 1563 1574
315 3 1567 1570 1568 1577
316 3 1567 1571 1569 1578
317 3 1581 1584 1582 1593
318 3 1581 1585 1583 1594
319 3 1587 1590 1588 1597
320 3 1587 1591 1589 1598
321 3 1601 1604 1602 1613
322 3 1601 1605 1603 1614
323 3 1607 1610 1608 1617
324 3 1607 1611 1609 1618
325 3 1621 1624 1622 1633
326 3 1621 1625 1623 1634
327 3 1627 1630 1628 1637
328 3 1627 1631 1629 1638
329 3 1641 1644 1642 1653
330 3 1641 1645 1643 1654
331 3 1647 1650 1648 1657
332 3 1647 1651 1649 1658
333 3 1661 1664 1662 1673
334 3 1661 1665 1663 1674
335 3 1667 1670 1668 1677
336 3 1667 1671 1669 1678
337 3 1681 1684 1682 1693
338 3 1681 1685 1683 1694
339 3 1687 1690 1688 1697
340 3 1687 1691 1689 1698
341 3 1701 1704 1702 1713
342 3 1701 1705 1703 1714
343 3 1707 1710 1708 1717
344 3 1707 1711 1709 1718
345 3 1721 1724 1722 1733
346 3 1721 1725 1723 1734
347 3 1727 1730 1728 1737
348 3 1727 1731 1729 1738
349 3 1741 1744 1742 1753
350 3 1741 1745 1743 1754
351 3 1747 1750 1748 1757
352 3 1747 1751 1749 1758
353 3 1761 1764 1762 1773
354 3 1761 1765 1763 1774
355 3 1767 1770 1768 1777
356 3 1767 1771 1769 1778
357 3 1781 1784 1782 1793
358 3 1781 1785 1783 1794
359 3 1787 1790 1788 1797
360 3 1787 1791 1789 1798
361 3 1801 1804 1802 1813
362 3 1801 1805 1803 1814
363 3 1807 1810 1808 1817
364 3 1807 1811 1809 1818
365 3 1821 1824 1822 1833
366 3 1821 1825 1823 1834
367 3 1827 1830 1828 1837
368 3 1827 1831 1829 1838
369 3 1841 1844 1842 1853
370 3 1841 1845 1843 1854
371 3 1847 1850 1848 1857
372 3 1847 1851 1849 1858
373 3 1861 1864 1862 1873
374 3 1861 1865 1863 1874
375 3 1867 1870 1868 1877
376 3 1867 1871 1869 1878
377 3 1881 1884 1882 1893
378 3 1881 1885 1883 1894
379 3 1887 1890 1888 1897
380 3 1887 1891 1889 1898
381 3 1901 1904 1902 1913
382 3 1901 1905 1903 1914
383 3 1907 1910 1908 1917
384 3 1907 1911 1909 1918
385 3 1921 1924 1922 1933
386 3 1921 1925 1923 1934
387 3 1927 1930 1928 1937
388 3 1927 1931 1929 1938
389 3 1941 1944 1942 1953
390 3 1941 1945 1943 1954
391 3 1947 1950 1948 1957
392 3 1947 1951 1949 1958
393 3 1961 1964 1962 1973
394 3 1961 1965 1963 1974
395 3 1967 1970 1968 1977
396 3 1967 1971 1969 1978
397 3 1981 1984 1982 1993
398 3 1981 1985 1983 1994
399 3 1987 1990 1988 1997
400 3 1987 1991 1989 1998
401 3 2001 2004 2002 2013
402 3 2001 2005 2003 2014
403 3 2007 2010 2008 2017
404 3 2007 2011 2009 2018
405 3 2021 2024 2022 2033
406 3 2021 2025 2023 2034
407 3 2027 2030 2028 2037
408 3 2027 2031 2029 2038
409 3 2041 2044 2042 2053
410 3 2041 2045 2043 2054
411 3 2047 2050 2048 2057
412 3 2047 2051 2049 2058
413 3 2061 2064 2062 2073
414 3 2061 2065 2063 2074
415 3 2067 2070 2068 2077
416 3 2067 2071 2069 2078
417 3 2081 2084 2082 2093
418 3 2081 2085 2083 2094
419 3 2087 2090 2088 2097
420 3 2087 2091 2089 2098
421 3 2101 2104 2102 2113
422 3 2101 2105 2103 2114
423 3 2107 2110 2108 2117
424 3 2107 2111 2109 2118
425 3 2121 2124 2122 2133
426 3 2121 2125 2123 2134
427 3 2127 2130 2128 2137
428 3 2127 2131 2129 2138
429 3 2141 2144 2142 2153
430 3 2141 2145 2143 2154
431 3 2147 2150 2148 2157
432 3 2147 2151 2149 2158
433 3 2161 2164 2162 2173
434 3 2161 2165 2163 2174
435 3 2167 2170 2168 2177
436 3 2167 2171 2169 2178
437 3 2181 2184 2182 2193
438 3 2181 2185 2183 2194
439 3 2187 2190 2188 2197
440 3 2187 2191 2189 2198
441 3 2201 2204 2202 2213
442 3 2201 2205 2203 2214
443 3 2207 2210 2208 2217
444 3 2207 2211 2209 2218
445 3 2221 2224 2222 2233
446 3 2221 2225 2223 2234
447 3 2227 2230 2228 2237
448 3 2227 2231 2229 2238
449 3 2241 2244 2242 2253
450 3 2241 2245 2243 2254
451 3 2247 2250 2248 2257
452 3 2247 2251 2249 2258
453 3 2261 2264 2262 2273
454 3 2261 2265 2263 2274
455 3 2267 2270 2268 2277
456 3 2267 2271 2269 2278
457 3 2281 2284 2282 2293
458 3 2281 2285 2283 2294
459 3 2287 2290 2288 2297
460 3 2287 2291 2289 2298
461 3 2301 2304 2302 2313
462 3 2301 2305 2303 2314
463 3 2307 2310 2308 2317
464 3 2307 2311 2309 2318
465 3 2321 2324 2322 2333
466 3 2321 2325 2323 2334
467 3 2327 2330 2328 2337
468 3 2327 2331 2329 2338
469 3 2341 2344 2342 2353
470 3 2341 2345 2343 2354
471 3 2347 2350 2348 2357
472 3 2347 2351 2349 2358
473 3 2361 2364 2362 2373
474 3 2361 2365 2363 2374
475 3 2367 2370 2368 2377
476 3 2367 2371 2369 2378
477 3 2381 2384 2382 2393
478 3 2381 2385 2383 2394
479 3 2387 2390 2388 2397
480 3 2387 2391 2389 2398
481 3 2401 2404 2402 2413
482 3 2401 2405 2403 2414
483 3 2407 2410 2408 2417
484 3 2407 2411 2409 2418
485 3 2421 2424 2422 2433
486 3 2421 2425 2423 2434
487 3 2427 2430 2428 2437
488 3 2427 2431 2429 2438
489 3 2441 2444 2442 2453
490 3 2441 2445 2443 2454
491 3 2447 2450 2448 2457
492 3 2447 2451 2449 2458
493 3 2461 2464 2462 2473
494 3 2461 2465 2463 2474
495 3 2467 2470 2468 2477
496 3 2467 2471 2469 2478
497 3 2481 2484 2482 2493
498 3 2481 2485 2483 2494
499 3 2487 2490 2488 2497
500 3 2487 2491 2489 2498
501 3 2501 2504 2502 2513
502 3 2501 2505 2503 2514
503 3 2507 2510 2508 2517
504 3 2507 2511 2509 2518
505 3 2521 2524 2522 2533
506 3 2521 2525 2523 2534
507 3 2527 2530 2528 2537
508 3 2527 2531 2529 2538
509 3 2541 2544 2542 2553
510 3 2541 2545 2543 2554
511 3 2547 2550 2548 2557
512 3 2547 2551 2549 2558
