1 619 1 2 4
2 619 1 3 5
3 619 7 8 10
4 619 7 9 11
5 619 21 22 24
6 619 21 23 25
7 619 27 28 30
8 619 27 29 31
9 619 41 42 44
10 619 41 43 45
11 619 47 48 50
12 619 47 49 51
13 619 61 62 64
14 619 61 63 65
15 619 67 68 70
16 619 67 69 71
17 619 81 82 84
18 619 81 83 85
19 619 87 88 90
20 619 87 89 91
21 619 101 102 104
22 619 101 103 105
23 619 107 108 110
24 619 107 109 111
25 619 121 122 124
26 619 121 123 125
27 619 127 128 130
28 619 127 129 131
29 619 141 142 144
30 619 141 143 145
31 619 147 148 150
32 619 147 149 151
33 619 161 162 164
34 619 161 163 165
35 619 167 168 170
36 619 167 169 171
37 619 181 182 184
38 619 181 183 185
39 619 187 188 190
40 619 187 189 191
41 619 201 202 204
42 619 201 203 205
43 619 207 208 210
44 619 207 209 211
45 619 221 222 224
46 619 221 223 225
47 619 227 228 230
48 619 227 229 231
49 619 241 242 244
50 619 241 243 245
51 619 247 248 250
52 619 247 249 251
53 619 261 262 264
54 619 261 263 265
55 619 267 268 270
56 619 267 269 271
57 619 281 282 284
58 619 281 283 285
59 619 287 288 290
60 619 287 289 291
61 619 301 302 304
62 619 301 303 305
63 619 307 308 310
64 619 307 309 311
65 619 321 322 324
66 619 321 323 325
67 619 327 328 330
68 619 327 329 331
69 619 341 342 344
70 619 341 343 345
71 619 347 348 350
72 619 347 349 351
73 619 361 362 364
74 619 361 363 365
75 619 367 368 370
76 619 367 369 371
77 619 381 382 384
78 619 381 383 385
79 619 387 388 390
80 619 387 389 391
81 619 401 402 404
82 619 401 403 405
83 619 407 408 410
84 619 407 409 411
85 619 421 422 424
86 619 421 423 425
87 619 427 428 430
88 619 427 429 431
89 619 441 442 444
90 619 441 443 445
91 619 447 448 450
92 619 447 449 451
93 619 461 462 464
94 619 461 463 465
95 619 467 468 470
96 619 467 469 471
97 619 481 482 484
98 619 481 483 485
99 619 487 488 490
100 619 487 489 491
101 619 501 502 504
102 619 501 503 505
103 619 507 508 510
104 619 507 509 511
105 619 521 522 524
106 619 521 523 525
107 619 527 528 530
108 619 527 529 531
109 619 541 542 544
110 619 541 543 545
111 619 547 548 550
112 619 547 549 551
113 619 561 562 564
114 619 561 563 565
115 619 567 568 570
116 619 567 569 571
117 619 581 582 584
118 619 581 583 585
119 619 587 588 590
120 619 587 589 591
121 619 601 602 604
122 619 601 603 605
123 619 607 608 610
124 619 607 609 611
125 619 621 622 624
126 619 621 623 625
127 619 627 628 630
128 619 627 629 631
129 619 641 642 644
130 619 641 643 645
131 619 647 648 650
132 619 647 649 651
133 619 661 662 664
134 619 661 663 665
135 619 667 668 670
136 619 667 669 671
137 619 681 682 684
138 619 681 683 685
139 619 687 688 690
140 619 687 689 691
141 619 701 702 704
142 619 701 703 705
143 619 707 708 710
144 619 707 709 711
145 619 721 722 724
146 619 721 723 725
147 619 727 728 730
148 619 727 729 731
149 619 741 742 744
150 619 741 743 745
151 619 747 748 750
152 619 747 749 751
153 619 761 762 764
154 619 761 763 765
155 619 767 768 770
156 619 767 769 771
157 619 781 782 784
158 619 781 783 785
159 619 787 788 790
160 619 787 789 791
161 619 801 802 804
162 619 801 803 805
163 619 807 808 810
164 619 807 809 811
165 619 821 822 824
166 619 821 823 825
167 619 827 828 830
168 619 827 829 831
169 619 841 842 844
170 619 841 843 845
171 619 847 848 850
172 619 847 849 851
173 619 861 862 864
174 619 861 863 865
175 619 867 868 870
176 619 867 869 871
177 619 881 882 884
178 619 881 883 885
179 619 887 888 890
180 619 887 889 891
181 619 901 902 904
182 619 901 903 905
183 619 907 908 910
184 619 907 909 911
185 619 921 922 924
186 619 921 923 925
187 619 927 928 930
188 619 927 929 931
189 619 941 942 944
190 619 941 943 945
191 619 947 948 950
192 619 947 949 951
193 619 961 962 964
194 619 961 963 965
195 619 967 968 970
196 619 967 969 971
197 619 981 982 984
198 619 981 983 985
199 619 987 988 990
200 619 987 989 991
201 619 1001 1002 1004
202 619 1001 1003 1005
203 619 1007 1008 1010
204 619 1007 1009 1011
205 619 1021 1022 1024
206 619 1021 1023 1025
207 619 1027 1028 1030
208 619 1027 1029 1031
209 619 1041 1042 1044
210 619 1041 1043 1045
211 619 1047 1048 1050
212 619 1047 1049 1051
213 619 1061 1062 1064
214 619 1061 1063 1065
215 619 1067 1068 1070
216 619 1067 1069 1071
217 619 1081 1082 1084
218 619 1081 1083 1085
219 619 1087 1088 1090
220 619 1087 1089 1091
221 619 1101 1102 1104
222 619 1101 1103 1105
223 619 1107 1108 1110
224 619 1107 1109 1111
225 619 1121 1122 1124
226 619 1121 1123 1125
227 619 1127 1128 1130
228 619 1127 1129 1131
229 619 1141 1142 1144
230 619 1141 1143 1145
231 619 1147 1148 1150
232 619 1147 1149 1151
233 619 1161 1162 1164
234 619 1161 1163 1165
235 619 1167 1168 1170
236 619 1167 1169 1171
237 619 1181 1182 1184
238 619 1181 1183 1185
239 619 1187 1188 1190
240 619 1187 1189 1191
241 619 1201 1202 1204
242 619 1201 1203 1205
243 619 1207 1208 1210
244 619 1207 1209 1211
245 619 1221 1222 1224
246 619 1221 1223 1225
247 619 1227 1228 1230
248 619 1227 1229 1231
249 619 1241 1242 1244
250 619 1241 1243 1245
251 619 1247 1248 1250
252 619 1247 1249 1251
253 619 1261 1262 1264
254 619 1261 1263 1265
255 619 1267 1268 1270
256 619 1267 1269 1271
257 619 1281 1282 1284
258 619 1281 1283 1285
259 619 1287 1288 1290
260 619 1287 1289 1291
261 619 1301 1302 1304
262 619 1301 1303 1305
263 619 1307 1308 1310
264 619 1307 1309 1311
265 619 1321 1322 1324
266 619 1321 1323 1325
267 619 1327 1328 1330
268 619 1327 1329 1331
269 619 1341 1342 1344
270 619 1341 1343 1345
271 619 1347 1348 1350
272 619 1347 1349 1351
273 619 1361 1362 1364
274 619 1361 1363 1365
275 619 1367 1368 1370
276 619 1367 1369 1371
277 619 1381 1382 1384
278 619 1381 1383 1385
279 619 1387 1388 1390
280 619 1387 1389 1391
281 619 1401 1402 1404
282 619 1401 1403 1405
283 619 1407 1408 1410
284 619 1407 1409 1411
285 619 1421 1422 1424
286 619 1421 1423 1425
287 619 1427 1428 1430
288 619 1427 1429 1431
289 619 1441 1442 1444
290 619 1441 1443 1445
291 619 1447 1448 1450
292 619 1447 1449 1451
293 619 1461 1462 1464
294 619 1461 1463 1465
295 619 1467 1468 1470
296 619 1467 1469 1471
297 619 1481 1482 1484
298 619 1481 1483 1485
299 619 1487 1488 1490
300 619 1487 1489 1491
301 619 1501 1502 1504
302 619 1501 1503 1505
303 619 1507 1508 1510
304 619 1507 1509 1511
305 619 1521 1522 1524
306 619 1521 1523 1525
307 619 1527 1528 1530
308 619 1527 1529 1531
309 619 1541 1542 1544
310 619 1541 1543 1545
311 619 1547 1548 1550
312 619 1547 1549 1551
313 619 1561 1562 1564
314 619 1561 1563 1565
315 619 1567 1568 1570
316 619 1567 1569 1571
317 619 1581 1582 1584
318 619 1581 1583 1585
319 619 1587 1588 1590
320 619 1587 1589 1591
321 619 1601 1602 1604
322 619 1601 1603 1605
323 619 1607 1608 1610
324 619 1607 1609 1611
325 619 1621 1622 1624
326 619 1621 1623 1625
327 619 1627 1628 1630
328 619 1627 1629 1631
329 619 1641 1642 1644
330 619 1641 1643 1645
331 619 1647 1648 1650
332 619 1647 1649 1651
333 619 1661 1662 1664
334 619 1661 1663 1665
335 619 1667 1668 1670
336 619 1667 1669 1671
337 619 1681 1682 1684
338 619 1681 1683 1685
339 619 1687 1688 1690
340 619 1687 1689 1691
341 619 1701 1702 1704
342 619 1701 1703 1705
343 619 1707 1708 1710
344 619 1707 1709 1711
345 619 1721 1722 1724
346 619 1721 1723 1725
347 619 1727 1728 1730
348 619 1727 1729 1731
349 619 1741 1742 1744
350 619 1741 1743 1745
351 619 1747 1748 1750
352 619 1747 1749 1751
353 619 1761 1762 1764
354 619 1761 1763 1765
355 619 1767 1768 1770
356 619 1767 1769 1771
357 619 1781 1782 1784
358 619 1781 1783 1785
359 619 1787 1788 1790
360 619 1787 1789 1791
361 619 1801 1802 1804
362 619 1801 1803 1805
363 619 1807 1808 1810
364 619 1807 1809 1811
365 619 1821 1822 1824
366 619 1821 1823 1825
367 619 1827 1828 1830
368 619 1827 1829 1831
369 619 1841 1842 1844
370 619 1841 1843 1845
371 619 1847 1848 1850
372 619 1847 1849 1851
373 619 1861 1862 1864
374 619 1861 1863 1865
375 619 1867 1868 1870
376 619 1867 1869 1871
377 619 1881 1882 1884
378 619 1881 1883 1885
379 619 1887 1888 1890
380 619 1887 1889 1891
381 619 1901 1902 1904
382 619 1901 1903 1905
383 619 1907 1908 1910
384 619 1907 1909 1911
385 619 1921 1922 1924
386 619 1921 1923 1925
387 619 1927 1928 1930
388 619 1927 1929 1931
389 619 1941 1942 1944
390 619 1941 1943 1945
391 619 1947 1948 1950
392 619 1947 1949 1951
393 619 1961 1962 1964
394 619 1961 1963 1965
395 619 1967 1968 1970
396 619 1967 1969 1971
397 619 1981 1982 1984
398 619 1981 1983 1985
399 619 1987 1988 1990
400 619 1987 1989 1991
401 619 2001 2002 2004
402 619 2001 2003 2005
403 619 2007 2008 2010
404 619 2007 2009 2011
405 619 2021 2022 2024
406 619 2021 2023 2025
407 619 2027 2028 2030
408 619 2027 2029 2031
409 619 2041 2042 2044
410 619 2041 2043 2045
411 619 2047 2048 2050
412 619 2047 2049 2051
413 619 2061 2062 2064
414 619 2061 2063 2065
415 619 2067 2068 2070
416 619 2067 2069 2071
417 619 2081 2082 2084
418 619 2081 2083 2085
419 619 2087 2088 2090
420 619 2087 2089 2091
421 619 2101 2102 2104
422 619 2101 2103 2105
423 619 2107 2108 2110
424 619 2107 2109 2111
425 619 2121 2122 2124
426 619 2121 2123 2125
427 619 2127 2128 2130
428 619 2127 2129 2131
429 619 2141 2142 2144
430 619 2141 2143 2145
431 619 2147 2148 2150
432 619 2147 2149 2151
433 619 2161 2162 2164
434 619 2161 2163 2165
435 619 2167 2168 2170
436 619 2167 2169 2171
437 619 2181 2182 2184
438 619 2181 2183 2185
439 619 2187 2188 2190
440 619 2187 2189 2191
441 619 2201 2202 2204
442 619 2201 2203 2205
443 619 2207 2208 2210
444 619 2207 2209 2211
445 619 2221 2222 2224
446 619 2221 2223 2225
447 619 2227 2228 2230
448 619 2227 2229 2231
449 619 2241 2242 2244
450 619 2241 2243 2245
451 619 2247 2248 2250
452 619 2247 2249 2251
453 619 2261 2262 2264
454 619 2261 2263 2265
455 619 2267 2268 2270
456 619 2267 2269 2271
457 619 2281 2282 2284
458 619 2281 2283 2285
459 619 2287 2288 2290
460 619 2287 2289 2291
461 619 2301 2302 2304
462 619 2301 2303 2305
463 619 2307 2308 2310
464 619 2307 2309 2311
465 619 2321 2322 2324
466 619 2321 2323 2325
467 619 2327 2328 2330
468 619 2327 2329 2331
469 619 2341 2342 2344
470 619 2341 2343 2345
471 619 2347 2348 2350
472 619 2347 2349 2351
473 619 2361 2362 2364
474 619 2361 2363 2365
475 619 2367 2368 2370
476 619 2367 2369 2371
477 619 2381 2382 2384
478 619 2381 2383 2385
479 619 2387 2388 2390
480 619 2387 2389 2391
481 619 2401 2402 2404
482 619 2401 2403 2405
483 619 2407 2408 2410
484 619 2407 2409 2411
485 619 2421 2422 2424
486 619 2421 2423 2425
487 619 2427 2428 2430
488 619 2427 2429 2431
489 619 2441 2442 2444
490 619 2441 2443 2445
491 619 2447 2448 2450
492 619 2447 2449 2451
493 619 2461 2462 2464
494 619 2461 2463 2465
495 619 2467 2468 2470
496 619 2467 2469 2471
497 619 2481 2482 2484
498 619 2481 2483 2485
499 619 2487 2488 2490
500 619 2487 2489 2491
501 619 2501 2502 2504
502 619 2501 2503 2505
503 619 2507 2508 2510
504 619 2507 2509 2511
505 619 2521 2522 2524
506 619 2521 2523 2525
507 619 2527 2528 2530
508 619 2527 2529 2531
509 619 2541 2542 2544
510 619 2541 2543 2545
511 619 2547 2548 2550
512 619 2547 2549 2551
513 624 2 4 15
514 624 3 5 16
515 624 8 10 19
516 624 9 11 20
517 624 22 24 35
518 624 23 25 36
519 624 28 30 39
520 624 29 31 40
521 624 42 44 55
522 624 43 45 56
523 624 48 50 59
524 624 49 51 60
525 624 62 64 75
526 624 63 65 76
527 624 68 70 79
528 624 69 71 80
529 624 82 84 95
530 624 83 85 96
531 624 88 90 99
532 624 89 91 100
533 624 102 104 115
534 624 103 105 116
535 624 108 110 119
536 624 109 111 120
537 624 122 124 135
538 624 123 125 136
539 624 128 130 139
540 624 129 131 140
541 624 142 144 155
542 624 143 145 156
543 624 148 150 159
544 624 149 151 160
545 624 162 164 175
546 624 163 165 176
547 624 168 170 179
548 624 169 171 180
549 624 182 184 195
550 624 183 185 196
551 624 188 190 199
552 624 189 191 200
553 624 202 204 215
554 624 203 205 216
555 624 208 210 219
556 624 209 211 220
557 624 222 224 235
558 624 223 225 236
559 624 228 230 239
560 624 229 231 240
561 624 242 244 255
562 624 243 245 256
563 624 248 250 259
564 624 249 251 260
565 624 262 264 275
566 624 263 265 276
567 624 268 270 279
568 624 269 271 280
569 624 282 284 295
570 624 283 285 296
571 624 288 290 299
572 624 289 291 300
573 624 302 304 315
574 624 303 305 316
575 624 308 310 319
576 624 309 311 320
577 624 322 324 335
578 624 323 325 336
579 624 328 330 339
580 624 329 331 340
581 624 342 344 355
582 624 343 345 356
583 624 348 350 359
584 624 349 351 360
585 624 362 364 375
586 624 363 365 376
587 624 368 370 379
588 624 369 371 380
589 624 382 384 395
590 624 383 385 396
591 624 388 390 399
592 624 389 391 400
593 624 402 404 415
594 624 403 405 416
595 624 408 410 419
596 624 409 411 420
597 624 422 424 435
598 624 423 425 436
599 624 428 430 439
600 624 429 431 440
601 624 442 444 455
602 624 443 445 456
603 624 448 450 459
604 624 449 451 460
605 624 462 464 475
606 624 463 465 476
607 624 468 470 479
608 624 469 471 480
609 624 482 484 495
610 624 483 485 496
611 624 488 490 499
612 624 489 491 500
613 624 502 504 515
614 624 503 505 516
615 624 508 510 519
616 624 509 511 520
617 624 522 524 535
618 624 523 525 536
619 624 528 530 539
620 624 529 531 540
621 624 542 544 555
622 624 543 545 556
623 624 548 550 559
624 624 549 551 560
625 624 562 564 575
626 624 563 565 576
627 624 568 570 579
628 624 569 571 580
629 624 582 584 595
630 624 583 585 596
631 624 588 590 599
632 624 589 591 600
633 624 602 604 615
634 624 603 605 616
635 624 608 610 619
636 624 609 611 620
637 624 622 624 635
638 624 623 625 636
639 624 628 630 639
640 624 629 631 640
641 624 642 644 655
642 624 643 645 656
643 624 648 650 659
644 624 649 651 660
645 624 662 664 675
646 624 663 665 676
647 624 668 670 679
648 624 669 671 680
649 624 682 684 695
650 624 683 685 696
651 624 688 690 699
652 624 689 691 700
653 624 702 704 715
654 624 703 705 716
655 624 708 710 719
656 624 709 711 720
657 624 722 724 735
658 624 723 725 736
659 624 728 730 739
660 624 729 731 740
661 624 742 744 755
662 624 743 745 756
663 624 748 750 759
664 624 749 751 760
665 624 762 764 775
666 624 763 765 776
667 624 768 770 779
668 624 769 771 780
669 624 782 784 795
670 624 783 785 796
671 624 788 790 799
672 624 789 791 800
673 624 802 804 815
674 624 803 805 816
675 624 808 810 819
676 624 809 811 820
677 624 822 824 835
678 624 823 825 836
679 624 828 830 839
680 624 829 831 840
681 624 842 844 855
682 624 843 845 856
683 624 848 850 859
684 624 849 851 860
685 624 862 864 875
686 624 863 865 876
687 624 868 870 879
688 624 869 871 880
689 624 882 884 895
690 624 883 885 896
691 624 888 890 899
692 624 889 891 900
693 624 902 904 915
694 624 903 905 916
695 624 908 910 919
696 624 909 911 920
697 624 922 924 935
698 624 923 925 936
699 624 928 930 939
700 624 929 931 940
701 624 942 944 955
702 624 943 945 956
703 624 948 950 959
704 624 949 951 960
705 624 962 964 975
706 624 963 965 976
707 624 968 970 979
708 624 969 971 980
709 624 982 984 995
710 624 983 985 996
711 624 988 990 999
712 624 989 991 1000
713 624 1002 1004 1015
714 624 1003 1005 1016
715 624 1008 1010 1019
716 624 1009 1011 1020
717 624 1022 1024 1035
718 624 1023 1025 1036
719 624 1028 1030 1039
720 624 1029 1031 1040
721 624 1042 1044 1055
722 624 1043 1045 1056
723 624 1048 1050 1059
724 624 1049 1051 1060
725 624 1062 1064 1075
726 624 1063 1065 1076
727 624 1068 1070 1079
728 624 1069 1071 1080
729 624 1082 1084 1095
730 624 1083 1085 1096
731 624 1088 1090 1099
732 624 1089 1091 1100
733 624 1102 1104 1115
734 624 1103 1105 1116
735 624 1108 1110 1119
736 624 1109 1111 1120
737 624 1122 1124 1135
738 624 1123 1125 1136
739 624 1128 1130 1139
740 624 1129 1131 1140
741 624 1142 1144 1155
742 624 1143 1145 1156
743 624 1148 1150 1159
744 624 1149 1151 1160
745 624 1162 1164 1175
746 624 1163 1165 1176
747 624 1168 1170 1179
748 624 1169 1171 1180
749 624 1182 1184 1195
750 624 1183 1185 1196
751 624 1188 1190 1199
752 624 1189 1191 1200
753 624 1202 1204 1215
754 624 1203 1205 1216
755 624 1208 1210 1219
756 624 1209 1211 1220
757 624 1222 1224 1235
758 624 1223 1225 1236
759 624 1228 1230 1239
760 624 1229 1231 1240
761 624 1242 1244 1255
762 624 1243 1245 1256
763 624 1248 1250 1259
764 624 1249 1251 1260
765 624 1262 1264 1275
766 624 1263 1265 1276
767 624 1268 1270 1279
768 624 1269 1271 1280
769 624 1282 1284 1295
770 624 1283 1285 1296
771 624 1288 1290 1299
772 624 1289 1291 1300
773 624 1302 1304 1315
774 624 1303 1305 1316
775 624 1308 1310 1319
776 624 1309 1311 1320
777 624 1322 1324 1335
778 624 1323 1325 1336
779 624 1328 1330 1339
780 624 1329 1331 1340
781 624 1342 1344 1355
782 624 1343 1345 1356
783 624 1348 1350 1359
784 624 1349 1351 1360
785 624 1362 1364 1375
786 624 1363 1365 1376
787 624 1368 1370 1379
788 624 1369 1371 1380
789 624 1382 1384 1395
790 624 1383 1385 1396
791 624 1388 1390 1399
792 624 1389 1391 1400
793 624 1402 1404 1415
794 624 1403 1405 1416
795 624 1408 1410 1419
796 624 1409 1411 1420
797 624 1422 1424 1435
798 624 1423 1425 1436
799 624 1428 1430 1439
800 624 1429 1431 1440
801 624 1442 1444 1455
802 624 1443 1445 1456
803 624 1448 1450 1459
804 624 1449 1451 1460
805 624 1462 1464 1475
806 624 1463 1465 1476
807 624 1468 1470 1479
808 624 1469 1471 1480
809 624 1482 1484 1495
810 624 1483 1485 1496
811 624 1488 1490 1499
812 624 1489 1491 1500
813 624 1502 1504 1515
814 624 1503 1505 1516
815 624 1508 1510 1519
816 624 1509 1511 1520
817 624 1522 1524 1535
818 624 1523 1525 1536
819 624 1528 1530 1539
820 624 1529 1531 1540
821 624 1542 1544 1555
822 624 1543 1545 1556
823 624 1548 1550 1559
824 624 1549 1551 1560
825 624 1562 1564 1575
826 624 1563 1565 1576
827 624 1568 1570 1579
828 624 1569 1571 1580
829 624 1582 1584 1595
830 624 1583 1585 1596
831 624 1588 1590 1599
832 624 1589 1591 1600
833 624 1602 1604 1615
834 624 1603 1605 1616
835 624 1608 1610 1619
836 624 1609 1611 1620
837 624 1622 1624 1635
838 624 1623 1625 1636
839 624 1628 1630 1639
840 624 1629 1631 1640
841 624 1642 1644 1655
842 624 1643 1645 1656
843 624 1648 1650 1659
844 624 1649 1651 1660
845 624 1662 1664 1675
846 624 1663 1665 1676
847 624 1668 1670 1679
848 624 1669 1671 1680
849 624 1682 1684 1695
850 624 1683 1685 1696
851 624 1688 1690 1699
852 624 1689 1691 1700
853 624 1702 1704 1715
854 624 1703 1705 1716
855 624 1708 1710 1719
856 624 1709 1711 1720
857 624 1722 1724 1735
858 624 1723 1725 1736
859 624 1728 1730 1739
860 624 1729 1731 1740
861 624 1742 1744 1755
862 624 1743 1745 1756
863 624 1748 1750 1759
864 624 1749 1751 1760
865 624 1762 1764 1775
866 624 1763 1765 1776
867 624 1768 1770 1779
868 624 1769 1771 1780
869 624 1782 1784 1795
870 624 1783 1785 1796
871 624 1788 1790 1799
872 624 1789 1791 1800
873 624 1802 1804 1815
874 624 1803 1805 1816
875 624 1808 1810 1819
876 624 1809 1811 1820
877 624 1822 1824 1835
878 624 1823 1825 1836
879 624 1828 1830 1839
880 624 1829 1831 1840
881 624 1842 1844 1855
882 624 1843 1845 1856
883 624 1848 1850 1859
884 624 1849 1851 1860
885 624 1862 1864 1875
886 624 1863 1865 1876
887 624 1868 1870 1879
888 624 1869 1871 1880
889 624 1882 1884 1895
890 624 1883 1885 1896
891 624 1888 1890 1899
892 624 1889 1891 1900
893 624 1902 1904 1915
894 624 1903 1905 1916
895 624 1908 1910 1919
896 624 1909 1911 1920
897 624 1922 1924 1935
898 624 1923 1925 1936
899 624 1928 1930 1939
900 624 1929 1931 1940
901 624 1942 1944 1955
902 624 1943 1945 1956
903 624 1948 1950 1959
904 624 1949 1951 1960
905 624 1962 1964 1975
906 624 1963 1965 1976
907 624 1968 1970 1979
908 624 1969 1971 1980
909 624 1982 1984 1995
910 624 1983 1985 1996
911 624 1988 1990 1999
912 624 1989 1991 2000
913 624 2002 2004 2015
914 624 2003 2005 2016
915 624 2008 2010 2019
916 624 2009 2011 2020
917 624 2022 2024 2035
918 624 2023 2025 2036
919 624 2028 2030 2039
920 624 2029 2031 2040
921 624 2042 2044 2055
922 624 2043 2045 2056
923 624 2048 2050 2059
924 624 2049 2051 2060
925 624 2062 2064 2075
926 624 2063 2065 2076
927 624 2068 2070 2079
928 624 2069 2071 2080
929 624 2082 2084 2095
930 624 2083 2085 2096
931 624 2088 2090 2099
932 624 2089 2091 2100
933 624 2102 2104 2115
934 624 2103 2105 2116
935 624 2108 2110 2119
936 624 2109 2111 2120
937 624 2122 2124 2135
938 624 2123 2125 2136
939 624 2128 2130 2139
940 624 2129 2131 2140
941 624 2142 2144 2155
942 624 2143 2145 2156
943 624 2148 2150 2159
944 624 2149 2151 2160
945 624 2162 2164 2175
946 624 2163 2165 2176
947 624 2168 2170 2179
948 624 2169 2171 2180
949 624 2182 2184 2195
950 624 2183 2185 2196
951 624 2188 2190 2199
952 624 2189 2191 2200
953 624 2202 2204 2215
954 624 2203 2205 2216
955 624 2208 2210 2219
956 624 2209 2211 2220
957 624 2222 2224 2235
958 624 2223 2225 2236
959 624 2228 2230 2239
960 624 2229 2231 2240
961 624 2242 2244 2255
962 624 2243 2245 2256
963 624 2248 2250 2259
964 624 2249 2251 2260
965 624 2262 2264 2275
966 624 2263 2265 2276
967 624 2268 2270 2279
968 624 2269 2271 2280
969 624 2282 2284 2295
970 624 2283 2285 2296
971 624 2288 2290 2299
972 624 2289 2291 2300
973 624 2302 2304 2315
974 624 2303 2305 2316
975 624 2308 2310 2319
976 624 2309 2311 2320
977 624 2322 2324 2335
978 624 2323 2325 2336
979 624 2328 2330 2339
980 624 2329 2331 2340
981 624 2342 2344 2355
982 624 2343 2345 2356
983 624 2348 2350 2359
984 624 2349 2351 2360
985 624 2362 2364 2375
986 624 2363 2365 2376
987 624 2368 2370 2379
988 624 2369 2371 2380
989 624 2382 2384 2395
990 624 2383 2385 2396
991 624 2388 2390 2399
992 624 2389 2391 2400
993 624 2402 2404 2415
994 624 2403 2405 2416
995 624 2408 2410 2419
996 624 2409 2411 2420
997 624 2422 2424 2435
998 624 2423 2425 2436
999 624 2428 2430 2439
1000 624 2429 2431 2440
1001 624 2442 2444 2455
1002 624 2443 2445 2456
1003 624 2448 2450 2459
1004 624 2449 2451 2460
1005 624 2462 2464 2475
1006 624 2463 2465 2476
1007 624 2468 2470 2479
1008 624 2469 2471 2480
1009 624 2482 2484 2495
1010 624 2483 2485 2496
1011 624 2488 2490 2499
1012 624 2489 2491 2500
1013 624 2502 2504 2515
1014 624 2503 2505 2516
1015 624 2508 2510 2519
1016 624 2509 2511 2520
1017 624 2522 2524 2535
1018 624 2523 2525 2536
1019 624 2528 2530 2539
1020 624 2529 2531 2540
1021 624 2542 2544 2555
1022 624 2543 2545 2556
1023 624 2548 2550 2559
1024 624 2549 2551 2560
1025 625 4 2 13
1026 625 5 3 14
1027 625 10 8 17
1028 625 11 9 18
1029 625 24 22 33
1030 625 25 23 34
1031 625 30 28 37
1032 625 31 29 38
1033 625 44 42 53
1034 625 45 43 54
1035 625 50 48 57
1036 625 51 49 58
1037 625 64 62 73
1038 625 65 63 74
1039 625 70 68 77
1040 625 71 69 78
1041 625 84 82 93
1042 625 85 83 94
1043 625 90 88 97
1044 625 91 89 98
1045 625 104 102 113
1046 625 105 103 114
1047 625 110 108 117
1048 625 111 109 118
1049 625 124 122 133
1050 625 125 123 134
1051 625 130 128 137
1052 625 131 129 138
1053 625 144 142 153
1054 625 145 143 154
1055 625 150 148 157
1056 625 151 149 158
1057 625 164 162 173
1058 625 165 163 174
1059 625 170 168 177
1060 625 171 169 178
1061 625 184 182 193
1062 625 185 183 194
1063 625 190 188 197
1064 625 191 189 198
1065 625 204 202 213
1066 625 205 203 214
1067 625 210 208 217
1068 625 211 209 218
1069 625 224 222 233
1070 625 225 223 234
1071 625 230 228 237
1072 625 231 229 238
1073 625 244 242 253
1074 625 245 243 254
1075 625 250 248 257
1076 625 251 249 258
1077 625 264 262 273
1078 625 265 263 274
1079 625 270 268 277
1080 625 271 269 278
1081 625 284 282 293
1082 625 285 283 294
1083 625 290 288 297
1084 625 291 289 298
1085 625 304 302 313
1086 625 305 303 314
1087 625 310 308 317
1088 625 311 309 318
1089 625 324 322 333
1090 625 325 323 334
1091 625 330 328 337
1092 625 331 329 338
1093 625 344 342 353
1094 625 345 343 354
1095 625 350 348 357
1096 625 351 349 358
1097 625 364 362 373
1098 625 365 363 374
1099 625 370 368 377
1100 625 371 369 378
1101 625 384 382 393
1102 625 385 383 394
1103 625 390 388 397
1104 625 391 389 398
1105 625 404 402 413
1106 625 405 403 414
1107 625 410 408 417
1108 625 411 409 418
1109 625 424 422 433
1110 625 425 423 434
1111 625 430 428 437
1112 625 431 429 438
1113 625 444 442 453
1114 625 445 443 454
1115 625 450 448 457
1116 625 451 449 458
1117 625 464 462 473
1118 625 465 463 474
1119 625 470 468 477
1120 625 471 469 478
1121 625 484 482 493
1122 625 485 483 494
1123 625 490 488 497
1124 625 491 489 498
1125 625 504 502 513
1126 625 505 503 514
1127 625 510 508 517
1128 625 511 509 518
1129 625 524 522 533
1130 625 525 523 534
1131 625 530 528 537
1132 625 531 529 538
1133 625 544 542 553
1134 625 545 543 554
1135 625 550 548 557
1136 625 551 549 558
1137 625 564 562 573
1138 625 565 563 574
1139 625 570 568 577
1140 625 571 569 578
1141 625 584 582 593
1142 625 585 583 594
1143 625 590 588 597
1144 625 591 589 598
1145 625 604 602 613
1146 625 605 603 614
1147 625 610 608 617
1148 625 611 609 618
1149 625 624 622 633
1150 625 625 623 634
1151 625 630 628 637
1152 625 631 629 638
1153 625 644 642 653
1154 625 645 643 654
1155 625 650 648 657
1156 625 651 649 658
1157 625 664 662 673
1158 625 665 663 674
1159 625 670 668 677
1160 625 671 669 678
1161 625 684 682 693
1162 625 685 683 694
1163 625 690 688 697
1164 625 691 689 698
1165 625 704 702 713
1166 625 705 703 714
1167 625 710 708 717
1168 625 711 709 718
1169 625 724 722 733
1170 625 725 723 734
1171 625 730 728 737
1172 625 731 729 738
1173 625 744 742 753
1174 625 745 743 754
1175 625 750 748 757
1176 625 751 749 758
1177 625 764 762 773
1178 625 765 763 774
1179 625 770 768 777
1180 625 771 769 778
1181 625 784 782 793
1182 625 785 783 794
1183 625 790 788 797
1184 625 791 789 798
1185 625 804 802 813
1186 625 805 803 814
1187 625 810 808 817
1188 625 811 809 818
1189 625 824 822 833
1190 625 825 823 834
1191 625 830 828 837
1192 625 831 829 838
1193 625 844 842 853
1194 625 845 843 854
1195 625 850 848 857
1196 625 851 849 858
1197 625 864 862 873
1198 625 865 863 874
1199 625 870 868 877
1200 625 871 869 878
1201 625 884 882 893
1202 625 885 883 894
1203 625 890 888 897
1204 625 891 889 898
1205 625 904 902 913
1206 625 905 903 914
1207 625 910 908 917
1208 625 911 909 918
1209 625 924 922 933
1210 625 925 923 934
1211 625 930 928 937
1212 625 931 929 938
1213 625 944 942 953
1214 625 945 943 954
1215 625 950 948 957
1216 625 951 949 958
1217 625 964 962 973
1218 625 965 963 974
1219 625 970 968 977
1220 625 971 969 978
1221 625 984 982 993
1222 625 985 983 994
1223 625 990 988 997
1224 625 991 989 998
1225 625 1004 1002 1013
1226 625 1005 1003 1014
1227 625 1010 1008 1017
1228 625 1011 1009 1018
1229 625 1024 1022 1033
1230 625 1025 1023 1034
1231 625 1030 1028 1037
1232 625 1031 1029 1038
1233 625 1044 1042 1053
1234 625 1045 1043 1054
1235 625 1050 1048 1057
1236 625 1051 1049 1058
1237 625 1064 1062 1073
1238 625 1065 1063 1074
1239 625 1070 1068 1077
1240 625 1071 1069 1078
1241 625 1084 1082 1093
1242 625 1085 1083 1094
1243 625 1090 1088 1097
1244 625 1091 1089 1098
1245 625 1104 1102 1113
1246 625 1105 1103 1114
1247 625 1110 1108 1117
1248 625 1111 1109 1118
1249 625 1124 1122 1133
1250 625 1125 1123 1134
1251 625 1130 1128 1137
1252 625 1131 1129 1138
1253 625 1144 1142 1153
1254 625 1145 1143 1154
1255 625 1150 1148 1157
1256 625 1151 1149 1158
1257 625 1164 1162 1173
1258 625 1165 1163 1174
1259 625 1170 1168 1177
1260 625 1171 1169 1178
1261 625 1184 1182 1193
1262 625 1185 1183 1194
1263 625 1190 1188 1197
1264 625 1191 1189 1198
1265 625 1204 1202 1213
1266 625 1205 1203 1214
1267 625 1210 1208 1217
1268 625 1211 1209 1218
1269 625 1224 1222 1233
1270 625 1225 1223 1234
1271 625 1230 1228 1237
1272 625 1231 1229 1238
1273 625 1244 1242 1253
1274 625 1245 1243 1254
1275 625 1250 1248 1257
1276 625 1251 1249 1258
1277 625 1264 1262 1273
1278 625 1265 1263 1274
1279 625 1270 1268 1277
1280 625 1271 1269 1278
1281 625 1284 1282 1293
1282 625 1285 1283 1294
1283 625 1290 1288 1297
1284 625 1291 1289 1298
1285 625 1304 1302 1313
1286 625 1305 1303 1314
1287 625 1310 1308 1317
1288 625 1311 1309 1318
1289 625 1324 1322 1333
1290 625 1325 1323 1334
1291 625 1330 1328 1337
1292 625 1331 1329 1338
1293 625 1344 1342 1353
1294 625 1345 1343 1354
1295 625 1350 1348 1357
1296 625 1351 1349 1358
1297 625 1364 1362 1373
1298 625 1365 1363 1374
1299 625 1370 1368 1377
1300 625 1371 1369 1378
1301 625 1384 1382 1393
1302 625 1385 1383 1394
1303 625 1390 1388 1397
1304 625 1391 1389 1398
1305 625 1404 1402 1413
1306 625 1405 1403 1414
1307 625 1410 1408 1417
1308 625 1411 1409 1418
1309 625 1424 1422 1433
1310 625 1425 1423 1434
1311 625 1430 1428 1437
1312 625 1431 1429 1438
1313 625 1444 1442 1453
1314 625 1445 1443 1454
1315 625 1450 1448 1457
1316 625 1451 1449 1458
1317 625 1464 1462 1473
1318 625 1465 1463 1474
1319 625 1470 1468 1477
1320 625 1471 1469 1478
1321 625 1484 1482 1493
1322 625 1485 1483 1494
1323 625 1490 1488 1497
1324 625 1491 1489 1498
1325 625 1504 1502 1513
1326 625 1505 1503 1514
1327 625 1510 1508 1517
1328 625 1511 1509 1518
1329 625 1524 1522 1533
1330 625 1525 1523 1534
1331 625 1530 1528 1537
1332 625 1531 1529 1538
1333 625 1544 1542 1553
1334 625 1545 1543 1554
1335 625 1550 1548 1557
1336 625 1551 1549 1558
1337 625 1564 1562 1573
1338 625 1565 1563 1574
1339 625 1570 1568 1577
1340 625 1571 1569 1578
1341 625 1584 1582 1593
1342 625 1585 1583 1594
1343 625 1590 1588 1597
1344 625 1591 1589 1598
1345 625 1604 1602 1613
1346 625 1605 1603 1614
1347 625 1610 1608 1617
1348 625 1611 1609 1618
1349 625 1624 1622 1633
1350 625 1625 1623 1634
1351 625 1630 1628 1637
1352 625 1631 1629 1638
1353 625 1644 1642 1653
1354 625 1645 1643 1654
1355 625 1650 1648 1657
1356 625 1651 1649 1658
1357 625 1664 1662 1673
1358 625 1665 1663 1674
1359 625 1670 1668 1677
1360 625 1671 1669 1678
1361 625 1684 1682 1693
1362 625 1685 1683 1694
1363 625 1690 1688 1697
1364 625 1691 1689 1698
1365 625 1704 1702 1713
1366 625 1705 1703 1714
1367 625 1710 1708 1717
1368 625 1711 1709 1718
1369 625 1724 1722 1733
1370 625 1725 1723 1734
1371 625 1730 1728 1737
1372 625 1731 1729 1738
1373 625 1744 1742 1753
1374 625 1745 1743 1754
1375 625 1750 1748 1757
1376 625 1751 1749 1758
1377 625 1764 1762 1773
1378 625 1765 1763 1774
1379 625 1770 1768 1777
1380 625 1771 1769 1778
1381 625 1784 1782 1793
1382 625 1785 1783 1794
1383 625 1790 1788 1797
1384 625 1791 1789 1798
1385 625 1804 1802 1813
1386 625 1805 1803 1814
1387 625 1810 1808 1817
1388 625 1811 1809 1818
1389 625 1824 1822 1833
1390 625 1825 1823 1834
1391 625 1830 1828 1837
1392 625 1831 1829 1838
1393 625 1844 1842 1853
1394 625 1845 1843 1854
1395 625 1850 1848 1857
1396 625 1851 1849 1858
1397 625 1864 1862 1873
1398 625 1865 1863 1874
1399 625 1870 1868 1877
1400 625 1871 1869 1878
1401 625 1884 1882 1893
1402 625 1885 1883 1894
1403 625 1890 1888 1897
1404 625 1891 1889 1898
1405 625 1904 1902 1913
1406 625 1905 1903 1914
1407 625 1910 1908 1917
1408 625 1911 1909 1918
1409 625 1924 1922 1933
1410 625 1925 1923 1934
1411 625 1930 1928 1937
1412 625 1931 1929 1938
1413 625 1944 1942 1953
1414 625 1945 1943 1954
1415 625 1950 1948 1957
1416 625 1951 1949 1958
1417 625 1964 1962 1973
1418 625 1965 1963 1974
1419 625 1970 1968 1977
1420 625 1971 1969 1978
1421 625 1984 1982 1993
1422 625 1985 1983 1994
1423 625 1990 1988 1997
1424 625 1991 1989 1998
1425 625 2004 2002 2013
1426 625 2005 2003 2014
1427 625 2010 2008 2017
1428 625 2011 2009 2018
1429 625 2024 2022 2033
1430 625 2025 2023 2034
1431 625 2030 2028 2037
1432 625 2031 2029 2038
1433 625 2044 2042 2053
1434 625 2045 2043 2054
1435 625 2050 2048 2057
1436 625 2051 2049 2058
1437 625 2064 2062 2073
1438 625 2065 2063 2074
1439 625 2070 2068 2077
1440 625 2071 2069 2078
1441 625 2084 2082 2093
1442 625 2085 2083 2094
1443 625 2090 2088 2097
1444 625 2091 2089 2098
1445 625 2104 2102 2113
1446 625 2105 2103 2114
1447 625 2110 2108 2117
1448 625 2111 2109 2118
1449 625 2124 2122 2133
1450 625 2125 2123 2134
1451 625 2130 2128 2137
1452 625 2131 2129 2138
1453 625 2144 2142 2153
1454 625 2145 2143 2154
1455 625 2150 2148 2157
1456 625 2151 2149 2158
1457 625 2164 2162 2173
1458 625 2165 2163 2174
1459 625 2170 2168 2177
1460 625 2171 2169 2178
1461 625 2184 2182 2193
1462 625 2185 2183 2194
1463 625 2190 2188 2197
1464 625 2191 2189 2198
1465 625 2204 2202 2213
1466 625 2205 2203 2214
1467 625 2210 2208 2217
1468 625 2211 2209 2218
1469 625 2224 2222 2233
1470 625 2225 2223 2234
1471 625 2230 2228 2237
1472 625 2231 2229 2238
1473 625 2244 2242 2253
1474 625 2245 2243 2254
1475 625 2250 2248 2257
1476 625 2251 2249 2258
1477 625 2264 2262 2273
1478 625 2265 2263 2274
1479 625 2270 2268 2277
1480 625 2271 2269 2278
1481 625 2284 2282 2293
1482 625 2285 2283 2294
1483 625 2290 2288 2297
1484 625 2291 2289 2298
1485 625 2304 2302 2313
1486 625 2305 2303 2314
1487 625 2310 2308 2317
1488 625 2311 2309 2318
1489 625 2324 2322 2333
1490 625 2325 2323 2334
1491 625 2330 2328 2337
1492 625 2331 2329 2338
1493 625 2344 2342 2353
1494 625 2345 2343 2354
1495 625 2350 2348 2357
1496 625 2351 2349 2358
1497 625 2364 2362 2373
1498 625 2365 2363 2374
1499 625 2370 2368 2377
1500 625 2371 2369 2378
1501 625 2384 2382 2393
1502 625 2385 2383 2394
1503 625 2390 2388 2397
1504 625 2391 2389 2398
1505 625 2404 2402 2413
1506 625 2405 2403 2414
1507 625 2410 2408 2417
1508 625 2411 2409 2418
1509 625 2424 2422 2433
1510 625 2425 2423 2434
1511 625 2430 2428 2437
1512 625 2431 2429 2438
1513 625 2444 2442 2453
1514 625 2445 2443 2454
1515 625 2450 2448 2457
1516 625 2451 2449 2458
1517 625 2464 2462 2473
1518 625 2465 2463 2474
1519 625 2470 2468 2477
1520 625 2471 2469 2478
1521 625 2484 2482 2493
1522 625 2485 2483 2494
1523 625 2490 2488 2497
1524 625 2491 2489 2498
1525 625 2504 2502 2513
1526 625 2505 2503 2514
1527 625 2510 2508 2517
1528 625 2511 2509 2518
1529 625 2524 2522 2533
1530 625 2525 2523 2534
1531 625 2530 2528 2537
1532 625 2531 2529 2538
1533 625 2544 2542 2553
1534 625 2545 2543 2554
1535 625 2550 2548 2557
1536 625 2551 2549 2558
1537 632 2 4 6
1538 632 3 5 6
1539 632 8 10 12
1540 632 9 11 12
1541 632 22 24 26
1542 632 23 25 26
1543 632 28 30 32
1544 632 29 31 32
1545 632 42 44 46
1546 632 43 45 46
1547 632 48 50 52
1548 632 49 51 52
1549 632 62 64 66
1550 632 63 65 66
1551 632 68 70 72
1552 632 69 71 72
1553 632 82 84 86
1554 632 83 85 86
1555 632 88 90 92
1556 632 89 91 92
1557 632 102 104 106
1558 632 103 105 106
1559 632 108 110 112
1560 632 109 111 112
1561 632 122 124 126
1562 632 123 125 126
1563 632 128 130 132
1564 632 129 131 132
1565 632 142 144 146
1566 632 143 145 146
1567 632 148 150 152
1568 632 149 151 152
1569 632 162 164 166
1570 632 163 165 166
1571 632 168 170 172
1572 632 169 171 172
1573 632 182 184 186
1574 632 183 185 186
1575 632 188 190 192
1576 632 189 191 192
1577 632 202 204 206
1578 632 203 205 206
1579 632 208 210 212
1580 632 209 211 212
1581 632 222 224 226
1582 632 223 225 226
1583 632 228 230 232
1584 632 229 231 232
1585 632 242 244 246
1586 632 243 245 246
1587 632 248 250 252
1588 632 249 251 252
1589 632 262 264 266
1590 632 263 265 266
1591 632 268 270 272
1592 632 269 271 272
1593 632 282 284 286
1594 632 283 285 286
1595 632 288 290 292
1596 632 289 291 292
1597 632 302 304 306
1598 632 303 305 306
1599 632 308 310 312
1600 632 309 311 312
1601 632 322 324 326
1602 632 323 325 326
1603 632 328 330 332
1604 632 329 331 332
1605 632 342 344 346
1606 632 343 345 346
1607 632 348 350 352
1608 632 349 351 352
1609 632 362 364 366
1610 632 363 365 366
1611 632 368 370 372
1612 632 369 371 372
1613 632 382 384 386
1614 632 383 385 386
1615 632 388 390 392
1616 632 389 391 392
1617 632 402 404 406
1618 632 403 405 406
1619 632 408 410 412
1620 632 409 411 412
1621 632 422 424 426
1622 632 423 425 426
1623 632 428 430 432
1624 632 429 431 432
1625 632 442 444 446
1626 632 443 445 446
1627 632 448 450 452
1628 632 449 451 452
1629 632 462 464 466
1630 632 463 465 466
1631 632 468 470 472
1632 632 469 471 472
1633 632 482 484 486
1634 632 483 485 486
1635 632 488 490 492
1636 632 489 491 492
1637 632 502 504 506
1638 632 503 505 506
1639 632 508 510 512
1640 632 509 511 512
1641 632 522 524 526
1642 632 523 525 526
1643 632 528 530 532
1644 632 529 531 532
1645 632 542 544 546
1646 632 543 545 546
1647 632 548 550 552
1648 632 549 551 552
1649 632 562 564 566
1650 632 563 565 566
1651 632 568 570 572
1652 632 569 571 572
1653 632 582 584 586
1654 632 583 585 586
1655 632 588 590 592
1656 632 589 591 592
1657 632 602 604 606
1658 632 603 605 606
1659 632 608 610 612
1660 632 609 611 612
1661 632 622 624 626
1662 632 623 625 626
1663 632 628 630 632
1664 632 629 631 632
1665 632 642 644 646
1666 632 643 645 646
1667 632 648 650 652
1668 632 649 651 652
1669 632 662 664 666
1670 632 663 665 666
1671 632 668 670 672
1672 632 669 671 672
1673 632 682 684 686
1674 632 683 685 686
1675 632 688 690 692
1676 632 689 691 692
1677 632 702 704 706
1678 632 703 705 706
1679 632 708 710 712
1680 632 709 711 712
1681 632 722 724 726
1682 632 723 725 726
1683 632 728 730 732
1684 632 729 731 732
1685 632 742 744 746
1686 632 743 745 746
1687 632 748 750 752
1688 632 749 751 752
1689 632 762 764 766
1690 632 763 765 766
1691 632 768 770 772
1692 632 769 771 772
1693 632 782 784 786
1694 632 783 785 786
1695 632 788 790 792
1696 632 789 791 792
1697 632 802 804 806
1698 632 803 805 806
1699 632 808 810 812
1700 632 809 811 812
1701 632 822 824 826
1702 632 823 825 826
1703 632 828 830 832
1704 632 829 831 832
1705 632 842 844 846
1706 632 843 845 846
1707 632 848 850 852
1708 632 849 851 852
1709 632 862 864 866
1710 632 863 865 866
1711 632 868 870 872
1712 632 869 871 872
1713 632 882 884 886
1714 632 883 885 886
1715 632 888 890 892
1716 632 889 891 892
1717 632 902 904 906
1718 632 903 905 906
1719 632 908 910 912
1720 632 909 911 912
1721 632 922 924 926
1722 632 923 925 926
1723 632 928 930 932
1724 632 929 931 932
1725 632 942 944 946
1726 632 943 945 946
1727 632 948 950 952
1728 632 949 951 952
1729 632 962 964 966
1730 632 963 965 966
1731 632 968 970 972
1732 632 969 971 972
1733 632 982 984 986
1734 632 983 985 986
1735 632 988 990 992
1736 632 989 991 992
1737 632 1002 1004 1006
1738 632 1003 1005 1006
1739 632 1008 1010 1012
1740 632 1009 1011 1012
1741 632 1022 1024 1026
1742 632 1023 1025 1026
1743 632 1028 1030 1032
1744 632 1029 1031 1032
1745 632 1042 1044 1046
1746 632 1043 1045 1046
1747 632 1048 1050 1052
1748 632 1049 1051 1052
1749 632 1062 1064 1066
1750 632 1063 1065 1066
1751 632 1068 1070 1072
1752 632 1069 1071 1072
1753 632 1082 1084 1086
1754 632 1083 1085 1086
1755 632 1088 1090 1092
1756 632 1089 1091 1092
1757 632 1102 1104 1106
1758 632 1103 1105 1106
1759 632 1108 1110 1112
1760 632 1109 1111 1112
1761 632 1122 1124 1126
1762 632 1123 1125 1126
1763 632 1128 1130 1132
1764 632 1129 1131 1132
1765 632 1142 1144 1146
1766 632 1143 1145 1146
1767 632 1148 1150 1152
1768 632 1149 1151 1152
1769 632 1162 1164 1166
1770 632 1163 1165 1166
1771 632 1168 1170 1172
1772 632 1169 1171 1172
1773 632 1182 1184 1186
1774 632 1183 1185 1186
1775 632 1188 1190 1192
1776 632 1189 1191 1192
1777 632 1202 1204 1206
1778 632 1203 1205 1206
1779 632 1208 1210 1212
1780 632 1209 1211 1212
1781 632 1222 1224 1226
1782 632 1223 1225 1226
1783 632 1228 1230 1232
1784 632 1229 1231 1232
1785 632 1242 1244 1246
1786 632 1243 1245 1246
1787 632 1248 1250 1252
1788 632 1249 1251 1252
1789 632 1262 1264 1266
1790 632 1263 1265 1266
1791 632 1268 1270 1272
1792 632 1269 1271 1272
1793 632 1282 1284 1286
1794 632 1283 1285 1286
1795 632 1288 1290 1292
1796 632 1289 1291 1292
1797 632 1302 1304 1306
1798 632 1303 1305 1306
1799 632 1308 1310 1312
1800 632 1309 1311 1312
1801 632 1322 1324 1326
1802 632 1323 1325 1326
1803 632 1328 1330 1332
1804 632 1329 1331 1332
1805 632 1342 1344 1346
1806 632 1343 1345 1346
1807 632 1348 1350 1352
1808 632 1349 1351 1352
1809 632 1362 1364 1366
1810 632 1363 1365 1366
1811 632 1368 1370 1372
1812 632 1369 1371 1372
1813 632 1382 1384 1386
1814 632 1383 1385 1386
1815 632 1388 1390 1392
1816 632 1389 1391 1392
1817 632 1402 1404 1406
1818 632 1403 1405 1406
1819 632 1408 1410 1412
1820 632 1409 1411 1412
1821 632 1422 1424 1426
1822 632 1423 1425 1426
1823 632 1428 1430 1432
1824 632 1429 1431 1432
1825 632 1442 1444 1446
1826 632 1443 1445 1446
1827 632 1448 1450 1452
1828 632 1449 1451 1452
1829 632 1462 1464 1466
1830 632 1463 1465 1466
1831 632 1468 1470 1472
1832 632 1469 1471 1472
1833 632 1482 1484 1486
1834 632 1483 1485 1486
1835 632 1488 1490 1492
1836 632 1489 1491 1492
1837 632 1502 1504 1506
1838 632 1503 1505 1506
1839 632 1508 1510 1512
1840 632 1509 1511 1512
1841 632 1522 1524 1526
1842 632 1523 1525 1526
1843 632 1528 1530 1532
1844 632 1529 1531 1532
1845 632 1542 1544 1546
1846 632 1543 1545 1546
1847 632 1548 1550 1552
1848 632 1549 1551 1552
1849 632 1562 1564 1566
1850 632 1563 1565 1566
1851 632 1568 1570 1572
1852 632 1569 1571 1572
1853 632 1582 1584 1586
1854 632 1583 1585 1586
1855 632 1588 1590 1592
1856 632 1589 1591 1592
1857 632 1602 1604 1606
1858 632 1603 1605 1606
1859 632 1608 1610 1612
1860 632 1609 1611 1612
1861 632 1622 1624 1626
1862 632 1623 1625 1626
1863 632 1628 1630 1632
1864 632 1629 1631 1632
1865 632 1642 1644 1646
1866 632 1643 1645 1646
1867 632 1648 1650 1652
1868 632 1649 1651 1652
1869 632 1662 1664 1666
1870 632 1663 1665 1666
1871 632 1668 1670 1672
1872 632 1669 1671 1672
1873 632 1682 1684 1686
1874 632 1683 1685 1686
1875 632 1688 1690 1692
1876 632 1689 1691 1692
1877 632 1702 1704 1706
1878 632 1703 1705 1706
1879 632 1708 1710 1712
1880 632 1709 1711 1712
1881 632 1722 1724 1726
1882 632 1723 1725 1726
1883 632 1728 1730 1732
1884 632 1729 1731 1732
1885 632 1742 1744 1746
1886 632 1743 1745 1746
1887 632 1748 1750 1752
1888 632 1749 1751 1752
1889 632 1762 1764 1766
1890 632 1763 1765 1766
1891 632 1768 1770 1772
1892 632 1769 1771 1772
1893 632 1782 1784 1786
1894 632 1783 1785 1786
1895 632 1788 1790 1792
1896 632 1789 1791 1792
1897 632 1802 1804 1806
1898 632 1803 1805 1806
1899 632 1808 1810 1812
1900 632 1809 1811 1812
1901 632 1822 1824 1826
1902 632 1823 1825 1826
1903 632 1828 1830 1832
1904 632 1829 1831 1832
1905 632 1842 1844 1846
1906 632 1843 1845 1846
1907 632 1848 1850 1852
1908 632 1849 1851 1852
1909 632 1862 1864 1866
1910 632 1863 1865 1866
1911 632 1868 1870 1872
1912 632 1869 1871 1872
1913 632 1882 1884 1886
1914 632 1883 1885 1886
1915 632 1888 1890 1892
1916 632 1889 1891 1892
1917 632 1902 1904 1906
1918 632 1903 1905 1906
1919 632 1908 1910 1912
1920 632 1909 1911 1912
1921 632 1922 1924 1926
1922 632 1923 1925 1926
1923 632 1928 1930 1932
1924 632 1929 1931 1932
1925 632 1942 1944 1946
1926 632 1943 1945 1946
1927 632 1948 1950 1952
1928 632 1949 1951 1952
1929 632 1962 1964 1966
1930 632 1963 1965 1966
1931 632 1968 1970 1972
1932 632 1969 1971 1972
1933 632 1982 1984 1986
1934 632 1983 1985 1986
1935 632 1988 1990 1992
1936 632 1989 1991 1992
1937 632 2002 2004 2006
1938 632 2003 2005 2006
1939 632 2008 2010 2012
1940 632 2009 2011 2012
1941 632 2022 2024 2026
1942 632 2023 2025 2026
1943 632 2028 2030 2032
1944 632 2029 2031 2032
1945 632 2042 2044 2046
1946 632 2043 2045 2046
1947 632 2048 2050 2052
1948 632 2049 2051 2052
1949 632 2062 2064 2066
1950 632 2063 2065 2066
1951 632 2068 2070 2072
1952 632 2069 2071 2072
1953 632 2082 2084 2086
1954 632 2083 2085 2086
1955 632 2088 2090 2092
1956 632 2089 2091 2092
1957 632 2102 2104 2106
1958 632 2103 2105 2106
1959 632 2108 2110 2112
1960 632 2109 2111 2112
1961 632 2122 2124 2126
1962 632 2123 2125 2126
1963 632 2128 2130 2132
1964 632 2129 2131 2132
1965 632 2142 2144 2146
1966 632 2143 2145 2146
1967 632 2148 2150 2152
1968 632 2149 2151 2152
1969 632 2162 2164 2166
1970 632 2163 2165 2166
1971 632 2168 2170 2172
1972 632 2169 2171 2172
1973 632 2182 2184 2186
1974 632 2183 2185 2186
1975 632 2188 2190 2192
1976 632 2189 2191 2192
1977 632 2202 2204 2206
1978 632 2203 2205 2206
1979 632 2208 2210 2212
1980 632 2209 2211 2212
1981 632 2222 2224 2226
1982 632 2223 2225 2226
1983 632 2228 2230 2232
1984 632 2229 2231 2232
1985 632 2242 2244 2246
1986 632 2243 2245 2246
1987 632 2248 2250 2252
1988 632 2249 2251 2252
1989 632 2262 2264 2266
1990 632 2263 2265 2266
1991 632 2268 2270 2272
1992 632 2269 2271 2272
1993 632 2282 2284 2286
1994 632 2283 2285 2286
1995 632 2288 2290 2292
1996 632 2289 2291 2292
1997 632 2302 2304 2306
1998 632 2303 2305 2306
1999 632 2308 2310 2312
2000 632 2309 2311 2312
2001 632 2322 2324 2326
2002 632 2323 2325 2326
2003 632 2328 2330 2332
2004 632 2329 2331 2332
2005 632 2342 2344 2346
2006 632 2343 2345 2346
2007 632 2348 2350 2352
2008 632 2349 2351 2352
2009 632 2362 2364 2366
2010 632 2363 2365 2366
2011 632 2368 2370 2372
2012 632 2369 2371 2372
2013 632 2382 2384 2386
2014 632 2383 2385 2386
2015 632 2388 2390 2392
2016 632 2389 2391 2392
2017 632 2402 2404 2406
2018 632 2403 2405 2406
2019 632 2408 2410 2412
2020 632 2409 2411 2412
2021 632 2422 2424 2426
2022 632 2423 2425 2426
2023 632 2428 2430 2432
2024 632 2429 2431 2432
2025 632 2442 2444 2446
2026 632 2443 2445 2446
2027 632 2448 2450 2452
2028 632 2449 2451 2452
2029 632 2462 2464 2466
2030 632 2463 2465 2466
2031 632 2468 2470 2472
2032 632 2469 2471 2472
2033 632 2482 2484 2486
2034 632 2483 2485 2486
2035 632 2488 2490 2492
2036 632 2489 2491 2492
2037 632 2502 2504 2506
2038 632 2503 2505 2506
2039 632 2508 2510 2512
2040 632 2509 2511 2512
2041 632 2522 2524 2526
2042 632 2523 2525 2526
2043 632 2528 2530 2532
2044 632 2529 2531 2532
2045 632 2542 2544 2546
2046 632 2543 2545 2546
2047 632 2548 2550 2552
2048 632 2549 2551 2552
2049 676 1 2 13
2050 676 1 3 14
2051 676 7 8 17
2052 676 7 9 18
2053 676 21 22 33
2054 676 21 23 34
2055 676 27 28 37
2056 676 27 29 38
2057 676 41 42 53
2058 676 41 43 54
2059 676 47 48 57
2060 676 47 49 58
2061 676 61 62 73
2062 676 61 63 74
2063 676 67 68 77
2064 676 67 69 78
2065 676 81 82 93
2066 676 81 83 94
2067 676 87 88 97
2068 676 87 89 98
2069 676 101 102 113
2070 676 101 103 114
2071 676 107 108 117
2072 676 107 109 118
2073 676 121 122 133
2074 676 121 123 134
2075 676 127 128 137
2076 676 127 129 138
2077 676 141 142 153
2078 676 141 143 154
2079 676 147 148 157
2080 676 147 149 158
2081 676 161 162 173
2082 676 161 163 174
2083 676 167 168 177
2084 676 167 169 178
2085 676 181 182 193
2086 676 181 183 194
2087 676 187 188 197
2088 676 187 189 198
2089 676 201 202 213
2090 676 201 203 214
2091 676 207 208 217
2092 676 207 209 218
2093 676 221 222 233
2094 676 221 223 234
2095 676 227 228 237
2096 676 227 229 238
2097 676 241 242 253
2098 676 241 243 254
2099 676 247 248 257
2100 676 247 249 258
2101 676 261 262 273
2102 676 261 263 274
2103 676 267 268 277
2104 676 267 269 278
2105 676 281 282 293
2106 676 281 283 294
2107 676 287 288 297
2108 676 287 289 298
2109 676 301 302 313
2110 676 301 303 314
2111 676 307 308 317
2112 676 307 309 318
2113 676 321 322 333
2114 676 321 323 334
2115 676 327 328 337
2116 676 327 329 338
2117 676 341 342 353
2118 676 341 343 354
2119 676 347 348 357
2120 676 347 349 358
2121 676 361 362 373
2122 676 361 363 374
2123 676 367 368 377
2124 676 367 369 378
2125 676 381 382 393
2126 676 381 383 394
2127 676 387 388 397
2128 676 387 389 398
2129 676 401 402 413
2130 676 401 403 414
2131 676 407 408 417
2132 676 407 409 418
2133 676 421 422 433
2134 676 421 423 434
2135 676 427 428 437
2136 676 427 429 438
2137 676 441 442 453
2138 676 441 443 454
2139 676 447 448 457
2140 676 447 449 458
2141 676 461 462 473
2142 676 461 463 474
2143 676 467 468 477
2144 676 467 469 478
2145 676 481 482 493
2146 676 481 483 494
2147 676 487 488 497
2148 676 487 489 498
2149 676 501 502 513
2150 676 501 503 514
2151 676 507 508 517
2152 676 507 509 518
2153 676 521 522 533
2154 676 521 523 534
2155 676 527 528 537
2156 676 527 529 538
2157 676 541 542 553
2158 676 541 543 554
2159 676 547 548 557
2160 676 547 549 558
2161 676 561 562 573
2162 676 561 563 574
2163 676 567 568 577
2164 676 567 569 578
2165 676 581 582 593
2166 676 581 583 594
2167 676 587 588 597
2168 676 587 589 598
2169 676 601 602 613
2170 676 601 603 614
2171 676 607 608 617
2172 676 607 609 618
2173 676 621 622 633
2174 676 621 623 634
2175 676 627 628 637
2176 676 627 629 638
2177 676 641 642 653
2178 676 641 643 654
2179 676 647 648 657
2180 676 647 649 658
2181 676 661 662 673
2182 676 661 663 674
2183 676 667 668 677
2184 676 667 669 678
2185 676 681 682 693
2186 676 681 683 694
2187 676 687 688 697
2188 676 687 689 698
2189 676 701 702 713
2190 676 701 703 714
2191 676 707 708 717
2192 676 707 709 718
2193 676 721 722 733
2194 676 721 723 734
2195 676 727 728 737
2196 676 727 729 738
2197 676 741 742 753
2198 676 741 743 754
2199 676 747 748 757
2200 676 747 749 758
2201 676 761 762 773
2202 676 761 763 774
2203 676 767 768 777
2204 676 767 769 778
2205 676 781 782 793
2206 676 781 783 794
2207 676 787 788 797
2208 676 787 789 798
2209 676 801 802 813
2210 676 801 803 814
2211 676 807 808 817
2212 676 807 809 818
2213 676 821 822 833
2214 676 821 823 834
2215 676 827 828 837
2216 676 827 829 838
2217 676 841 842 853
2218 676 841 843 854
2219 676 847 848 857
2220 676 847 849 858
2221 676 861 862 873
2222 676 861 863 874
2223 676 867 868 877
2224 676 867 869 878
2225 676 881 882 893
2226 676 881 883 894
2227 676 887 888 897
2228 676 887 889 898
2229 676 901 902 913
2230 676 901 903 914
2231 676 907 908 917
2232 676 907 909 918
2233 676 921 922 933
2234 676 921 923 934
2235 676 927 928 937
2236 676 927 929 938
2237 676 941 942 953
2238 676 941 943 954
2239 676 947 948 957
2240 676 947 949 958
2241 676 961 962 973
2242 676 961 963 974
2243 676 967 968 977
2244 676 967 969 978
2245 676 981 982 993
2246 676 981 983 994
2247 676 987 988 997
2248 676 987 989 998
2249 676 1001 1002 1013
2250 676 1001 1003 1014
2251 676 1007 1008 1017
2252 676 1007 1009 1018
2253 676 1021 1022 1033
2254 676 1021 1023 1034
2255 676 1027 1028 1037
2256 676 1027 1029 1038
2257 676 1041 1042 1053
2258 676 1041 1043 1054
2259 676 1047 1048 1057
2260 676 1047 1049 1058
2261 676 1061 1062 1073
2262 676 1061 1063 1074
2263 676 1067 1068 1077
2264 676 1067 1069 1078
2265 676 1081 1082 1093
2266 676 1081 1083 1094
2267 676 1087 1088 1097
2268 676 1087 1089 1098
2269 676 1101 1102 1113
2270 676 1101 1103 1114
2271 676 1107 1108 1117
2272 676 1107 1109 1118
2273 676 1121 1122 1133
2274 676 1121 1123 1134
2275 676 1127 1128 1137
2276 676 1127 1129 1138
2277 676 1141 1142 1153
2278 676 1141 1143 1154
2279 676 1147 1148 1157
2280 676 1147 1149 1158
2281 676 1161 1162 1173
2282 676 1161 1163 1174
2283 676 1167 1168 1177
2284 676 1167 1169 1178
2285 676 1181 1182 1193
2286 676 1181 1183 1194
2287 676 1187 1188 1197
2288 676 1187 1189 1198
2289 676 1201 1202 1213
2290 676 1201 1203 1214
2291 676 1207 1208 1217
2292 676 1207 1209 1218
2293 676 1221 1222 1233
2294 676 1221 1223 1234
2295 676 1227 1228 1237
2296 676 1227 1229 1238
2297 676 1241 1242 1253
2298 676 1241 1243 1254
2299 676 1247 1248 1257
2300 676 1247 1249 1258
2301 676 1261 1262 1273
2302 676 1261 1263 1274
2303 676 1267 1268 1277
2304 676 1267 1269 1278
2305 676 1281 1282 1293
2306 676 1281 1283 1294
2307 676 1287 1288 1297
2308 676 1287 1289 1298
2309 676 1301 1302 1313
2310 676 1301 1303 1314
2311 676 1307 1308 1317
2312 676 1307 1309 1318
2313 676 1321 1322 1333
2314 676 1321 1323 1334
2315 676 1327 1328 1337
2316 676 1327 1329 1338
2317 676 1341 1342 1353
2318 676 1341 1343 1354
2319 676 1347 1348 1357
2320 676 1347 1349 1358
2321 676 1361 1362 1373
2322 676 1361 1363 1374
2323 676 1367 1368 1377
2324 676 1367 1369 1378
2325 676 1381 1382 1393
2326 676 1381 1383 1394
2327 676 1387 1388 1397
2328 676 1387 1389 1398
2329 676 1401 1402 1413
2330 676 1401 1403 1414
2331 676 1407 1408 1417
2332 676 1407 1409 1418
2333 676 1421 1422 1433
2334 676 1421 1423 1434
2335 676 1427 1428 1437
2336 676 1427 1429 1438
2337 676 1441 1442 1453
2338 676 1441 1443 1454
2339 676 1447 1448 1457
2340 676 1447 1449 1458
2341 676 1461 1462 1473
2342 676 1461 1463 1474
2343 676 1467 1468 1477
2344 676 1467 1469 1478
2345 676 1481 1482 1493
2346 676 1481 1483 1494
2347 676 1487 1488 1497
2348 676 1487 1489 1498
2349 676 1501 1502 1513
2350 676 1501 1503 1514
2351 676 1507 1508 1517
2352 676 1507 1509 1518
2353 676 1521 1522 1533
2354 676 1521 1523 1534
2355 676 1527 1528 1537
2356 676 1527 1529 1538
2357 676 1541 1542 1553
2358 676 1541 1543 1554
2359 676 1547 1548 1557
2360 676 1547 1549 1558
2361 676 1561 1562 1573
2362 676 1561 1563 1574
2363 676 1567 1568 1577
2364 676 1567 1569 1578
2365 676 1581 1582 1593
2366 676 1581 1583 1594
2367 676 1587 1588 1597
2368 676 1587 1589 1598
2369 676 1601 1602 1613
2370 676 1601 1603 1614
2371 676 1607 1608 1617
2372 676 1607 1609 1618
2373 676 1621 1622 1633
2374 676 1621 1623 1634
2375 676 1627 1628 1637
2376 676 1627 1629 1638
2377 676 1641 1642 1653
2378 676 1641 1643 1654
2379 676 1647 1648 1657
2380 676 1647 1649 1658
2381 676 1661 1662 1673
2382 676 1661 1663 1674
2383 676 1667 1668 1677
2384 676 1667 1669 1678
2385 676 1681 1682 1693
2386 676 1681 1683 1694
2387 676 1687 1688 1697
2388 676 1687 1689 1698
2389 676 1701 1702 1713
2390 676 1701 1703 1714
2391 676 1707 1708 1717
2392 676 1707 1709 1718
2393 676 1721 1722 1733
2394 676 1721 1723 1734
2395 676 1727 1728 1737
2396 676 1727 1729 1738
2397 676 1741 1742 1753
2398 676 1741 1743 1754
2399 676 1747 1748 1757
2400 676 1747 1749 1758
2401 676 1761 1762 1773
2402 676 1761 1763 1774
2403 676 1767 1768 1777
2404 676 1767 1769 1778
2405 676 1781 1782 1793
2406 676 1781 1783 1794
2407 676 1787 1788 1797
2408 676 1787 1789 1798
2409 676 1801 1802 1813
2410 676 1801 1803 1814
2411 676 1807 1808 1817
2412 676 1807 1809 1818
2413 676 1821 1822 1833
2414 676 1821 1823 1834
2415 676 1827 1828 1837
2416 676 1827 1829 1838
2417 676 1841 1842 1853
2418 676 1841 1843 1854
2419 676 1847 1848 1857
2420 676 1847 1849 1858
2421 676 1861 1862 1873
2422 676 1861 1863 1874
2423 676 1867 1868 1877
2424 676 1867 1869 1878
2425 676 1881 1882 1893
2426 676 1881 1883 1894
2427 676 1887 1888 1897
2428 676 1887 1889 1898
2429 676 1901 1902 1913
2430 676 1901 1903 1914
2431 676 1907 1908 1917
2432 676 1907 1909 1918
2433 676 1921 1922 1933
2434 676 1921 1923 1934
2435 676 1927 1928 1937
2436 676 1927 1929 1938
2437 676 1941 1942 1953
2438 676 1941 1943 1954
2439 676 1947 1948 1957
2440 676 1947 1949 1958
2441 676 1961 1962 1973
2442 676 1961 1963 1974
2443 676 1967 1968 1977
2444 676 1967 1969 1978
2445 676 1981 1982 1993
2446 676 1981 1983 1994
2447 676 1987 1988 1997
2448 676 1987 1989 1998
2449 676 2001 2002 2013
2450 676 2001 2003 2014
2451 676 2007 2008 2017
2452 676 2007 2009 2018
2453 676 2021 2022 2033
2454 676 2021 2023 2034
2455 676 2027 2028 2037
2456 676 2027 2029 2038
2457 676 2041 2042 2053
2458 676 2041 2043 2054
2459 676 2047 2048 2057
2460 676 2047 2049 2058
2461 676 2061 2062 2073
2462 676 2061 2063 2074
2463 676 2067 2068 2077
2464 676 2067 2069 2078
2465 676 2081 2082 2093
2466 676 2081 2083 2094
2467 676 2087 2088 2097
2468 676 2087 2089 2098
2469 676 2101 2102 2113
2470 676 2101 2103 2114
2471 676 2107 2108 2117
2472 676 2107 2109 2118
2473 676 2121 2122 2133
2474 676 2121 2123 2134
2475 676 2127 2128 2137
2476 676 2127 2129 2138
2477 676 2141 2142 2153
2478 676 2141 2143 2154
2479 676 2147 2148 2157
2480 676 2147 2149 2158
2481 676 2161 2162 2173
2482 676 2161 2163 2174
2483 676 2167 2168 2177
2484 676 2167 2169 2178
2485 676 2181 2182 2193
2486 676 2181 2183 2194
2487 676 2187 2188 2197
2488 676 2187 2189 2198
2489 676 2201 2202 2213
2490 676 2201 2203 2214
2491 676 2207 2208 2217
2492 676 2207 2209 2218
2493 676 2221 2222 2233
2494 676 2221 2223 2234
2495 676 2227 2228 2237
2496 676 2227 2229 2238
2497 676 2241 2242 2253
2498 676 2241 2243 2254
2499 676 2247 2248 2257
2500 676 2247 2249 2258
2501 676 2261 2262 2273
2502 676 2261 2263 2274
2503 676 2267 2268 2277
2504 676 2267 2269 2278
2505 676 2281 2282 2293
2506 676 2281 2283 2294
2507 676 2287 2288 2297
2508 676 2287 2289 2298
2509 676 2301 2302 2313
2510 676 2301 2303 2314
2511 676 2307 2308 2317
2512 676 2307 2309 2318
2513 676 2321 2322 2333
2514 676 2321 2323 2334
2515 676 2327 2328 2337
2516 676 2327 2329 2338
2517 676 2341 2342 2353
2518 676 2341 2343 2354
2519 676 2347 2348 2357
2520 676 2347 2349 2358
2521 676 2361 2362 2373
2522 676 2361 2363 2374
2523 676 2367 2368 2377
2524 676 2367 2369 2378
2525 676 2381 2382 2393
2526 676 2381 2383 2394
2527 676 2387 2388 2397
2528 676 2387 2389 2398
2529 676 2401 2402 2413
2530 676 2401 2403 2414
2531 676 2407 2408 2417
2532 676 2407 2409 2418
2533 676 2421 2422 2433
2534 676 2421 2423 2434
2535 676 2427 2428 2437
2536 676 2427 2429 2438
2537 676 2441 2442 2453
2538 676 2441 2443 2454
2539 676 2447 2448 2457
2540 676 2447 2449 2458
2541 676 2461 2462 2473
2542 676 2461 2463 2474
2543 676 2467 2468 2477
2544 676 2467 2469 2478
2545 676 2481 2482 2493
2546 676 2481 2483 2494
2547 676 2487 2488 2497
2548 676 2487 2489 2498
2549 676 2501 2502 2513
2550 676 2501 2503 2514
2551 676 2507 2508 2517
2552 676 2507 2509 2518
2553 676 2521 2522 2533
2554 676 2521 2523 2534
2555 676 2527 2528 2537
2556 676 2527 2529 2538
2557 676 2541 2542 2553
2558 676 2541 2543 2554
2559 676 2547 2548 2557
2560 676 2547 2549 2558
2561 689 6 4 15
2562 689 6 5 16
2563 689 12 10 19
2564 689 12 11 20
2565 689 26 24 35
2566 689 26 25 36
2567 689 32 30 39
2568 689 32 31 40
2569 689 46 44 55
2570 689 46 45 56
2571 689 52 50 59
2572 689 52 51 60
2573 689 66 64 75
2574 689 66 65 76
2575 689 72 70 79
2576 689 72 71 80
2577 689 86 84 95
2578 689 86 85 96
2579 689 92 90 99
2580 689 92 91 100
2581 689 106 104 115
2582 689 106 105 116
2583 689 112 110 119
2584 689 112 111 120
2585 689 126 124 135
2586 689 126 125 136
2587 689 132 130 139
2588 689 132 131 140
2589 689 146 144 155
2590 689 146 145 156
2591 689 152 150 159
2592 689 152 151 160
2593 689 166 164 175
2594 689 166 165 176
2595 689 172 170 179
2596 689 172 171 180
2597 689 186 184 195
2598 689 186 185 196
2599 689 192 190 199
2600 689 192 191 200
2601 689 206 204 215
2602 689 206 205 216
2603 689 212 210 219
2604 689 212 211 220
2605 689 226 224 235
2606 689 226 225 236
2607 689 232 230 239
2608 689 232 231 240
2609 689 246 244 255
2610 689 246 245 256
2611 689 252 250 259
2612 689 252 251 260
2613 689 266 264 275
2614 689 266 265 276
2615 689 272 270 279
2616 689 272 271 280
2617 689 286 284 295
2618 689 286 285 296
2619 689 292 290 299
2620 689 292 291 300
2621 689 306 304 315
2622 689 306 305 316
2623 689 312 310 319
2624 689 312 311 320
2625 689 326 324 335
2626 689 326 325 336
2627 689 332 330 339
2628 689 332 331 340
2629 689 346 344 355
2630 689 346 345 356
2631 689 352 350 359
2632 689 352 351 360
2633 689 366 364 375
2634 689 366 365 376
2635 689 372 370 379
2636 689 372 371 380
2637 689 386 384 395
2638 689 386 385 396
2639 689 392 390 399
2640 689 392 391 400
2641 689 406 404 415
2642 689 406 405 416
2643 689 412 410 419
2644 689 412 411 420
2645 689 426 424 435
2646 689 426 425 436
2647 689 432 430 439
2648 689 432 431 440
2649 689 446 444 455
2650 689 446 445 456
2651 689 452 450 459
2652 689 452 451 460
2653 689 466 464 475
2654 689 466 465 476
2655 689 472 470 479
2656 689 472 471 480
2657 689 486 484 495
2658 689 486 485 496
2659 689 492 490 499
2660 689 492 491 500
2661 689 506 504 515
2662 689 506 505 516
2663 689 512 510 519
2664 689 512 511 520
2665 689 526 524 535
2666 689 526 525 536
2667 689 532 530 539
2668 689 532 531 540
2669 689 546 544 555
2670 689 546 545 556
2671 689 552 550 559
2672 689 552 551 560
2673 689 566 564 575
2674 689 566 565 576
2675 689 572 570 579
2676 689 572 571 580
2677 689 586 584 595
2678 689 586 585 596
2679 689 592 590 599
2680 689 592 591 600
2681 689 606 604 615
2682 689 606 605 616
2683 689 612 610 619
2684 689 612 611 620
2685 689 626 624 635
2686 689 626 625 636
2687 689 632 630 639
2688 689 632 631 640
2689 689 646 644 655
2690 689 646 645 656
2691 689 652 650 659
2692 689 652 651 660
2693 689 666 664 675
2694 689 666 665 676
2695 689 672 670 679
2696 689 672 671 680
2697 689 686 684 695
2698 689 686 685 696
2699 689 692 690 699
2700 689 692 691 700
2701 689 706 704 715
2702 689 706 705 716
2703 689 712 710 719
2704 689 712 711 720
2705 689 726 724 735
2706 689 726 725 736
2707 689 732 730 739
2708 689 732 731 740
2709 689 746 744 755
2710 689 746 745 756
2711 689 752 750 759
2712 689 752 751 760
2713 689 766 764 775
2714 689 766 765 776
2715 689 772 770 779
2716 689 772 771 780
2717 689 786 784 795
2718 689 786 785 796
2719 689 792 790 799
2720 689 792 791 800
2721 689 806 804 815
2722 689 806 805 816
2723 689 812 810 819
2724 689 812 811 820
2725 689 826 824 835
2726 689 826 825 836
2727 689 832 830 839
2728 689 832 831 840
2729 689 846 844 855
2730 689 846 845 856
2731 689 852 850 859
2732 689 852 851 860
2733 689 866 864 875
2734 689 866 865 876
2735 689 872 870 879
2736 689 872 871 880
2737 689 886 884 895
2738 689 886 885 896
2739 689 892 890 899
2740 689 892 891 900
2741 689 906 904 915
2742 689 906 905 916
2743 689 912 910 919
2744 689 912 911 920
2745 689 926 924 935
2746 689 926 925 936
2747 689 932 930 939
2748 689 932 931 940
2749 689 946 944 955
2750 689 946 945 956
2751 689 952 950 959
2752 689 952 951 960
2753 689 966 964 975
2754 689 966 965 976
2755 689 972 970 979
2756 689 972 971 980
2757 689 986 984 995
2758 689 986 985 996
2759 689 992 990 999
2760 689 992 991 1000
2761 689 1006 1004 1015
2762 689 1006 1005 1016
2763 689 1012 1010 1019
2764 689 1012 1011 1020
2765 689 1026 1024 1035
2766 689 1026 1025 1036
2767 689 1032 1030 1039
2768 689 1032 1031 1040
2769 689 1046 1044 1055
2770 689 1046 1045 1056
2771 689 1052 1050 1059
2772 689 1052 1051 1060
2773 689 1066 1064 1075
2774 689 1066 1065 1076
2775 689 1072 1070 1079
2776 689 1072 1071 1080
2777 689 1086 1084 1095
2778 689 1086 1085 1096
2779 689 1092 1090 1099
2780 689 1092 1091 1100
2781 689 1106 1104 1115
2782 689 1106 1105 1116
2783 689 1112 1110 1119
2784 689 1112 1111 1120
2785 689 1126 1124 1135
2786 689 1126 1125 1136
2787 689 1132 1130 1139
2788 689 1132 1131 1140
2789 689 1146 1144 1155
2790 689 1146 1145 1156
2791 689 1152 1150 1159
2792 689 1152 1151 1160
2793 689 1166 1164 1175
2794 689 1166 1165 1176
2795 689 1172 1170 1179
2796 689 1172 1171 1180
2797 689 1186 1184 1195
2798 689 1186 1185 1196
2799 689 1192 1190 1199
2800 689 1192 1191 1200
2801 689 1206 1204 1215
2802 689 1206 1205 1216
2803 689 1212 1210 1219
2804 689 1212 1211 1220
2805 689 1226 1224 1235
2806 689 1226 1225 1236
2807 689 1232 1230 1239
2808 689 1232 1231 1240
2809 689 1246 1244 1255
2810 689 1246 1245 1256
2811 689 1252 1250 1259
2812 689 1252 1251 1260
2813 689 1266 1264 1275
2814 689 1266 1265 1276
2815 689 1272 1270 1279
2816 689 1272 1271 1280
2817 689 1286 1284 1295
2818 689 1286 1285 1296
2819 689 1292 1290 1299
2820 689 1292 1291 1300
2821 689 1306 1304 1315
2822 689 1306 1305 1316
2823 689 1312 1310 1319
2824 689 1312 1311 1320
2825 689 1326 1324 1335
2826 689 1326 1325 1336
2827 689 1332 1330 1339
2828 689 1332 1331 1340
2829 689 1346 1344 1355
2830 689 1346 1345 1356
2831 689 1352 1350 1359
2832 689 1352 1351 1360
2833 689 1366 1364 1375
2834 689 1366 1365 1376
2835 689 1372 1370 1379
2836 689 1372 1371 1380
2837 689 1386 1384 1395
2838 689 1386 1385 1396
2839 689 1392 1390 1399
2840 689 1392 1391 1400
2841 689 1406 1404 1415
2842 689 1406 1405 1416
2843 689 1412 1410 1419
2844 689 1412 1411 1420
2845 689 1426 1424 1435
2846 689 1426 1425 1436
2847 689 1432 1430 1439
2848 689 1432 1431 1440
2849 689 1446 1444 1455
2850 689 1446 1445 1456
2851 689 1452 1450 1459
2852 689 1452 1451 1460
2853 689 1466 1464 1475
2854 689 1466 1465 1476
2855 689 1472 1470 1479
2856 689 1472 1471 1480
2857 689 1486 1484 1495
2858 689 1486 1485 1496
2859 689 1492 1490 1499
2860 689 1492 1491 1500
2861 689 1506 1504 1515
2862 689 1506 1505 1516
2863 689 1512 1510 1519
2864 689 1512 1511 1520
2865 689 1526 1524 1535
2866 689 1526 1525 1536
2867 689 1532 1530 1539
2868 689 1532 1531 1540
2869 689 1546 1544 1555
2870 689 1546 1545 1556
2871 689 1552 1550 1559
2872 689 1552 1551 1560
2873 689 1566 1564 1575
2874 689 1566 1565 1576
2875 689 1572 1570 1579
2876 689 1572 1571 1580
2877 689 1586 1584 1595
2878 689 1586 1585 1596
2879 689 1592 1590 1599
2880 689 1592 1591 1600
2881 689 1606 1604 1615
2882 689 1606 1605 1616
2883 689 1612 1610 1619
2884 689 1612 1611 1620
2885 689 1626 1624 1635
2886 689 1626 1625 1636
2887 689 1632 1630 1639
2888 689 1632 1631 1640
2889 689 1646 1644 1655
2890 689 1646 1645 1656
2891 689 1652 1650 1659
2892 689 1652 1651 1660
2893 689 1666 1664 1675
2894 689 1666 1665 1676
2895 689 1672 1670 1679
2896 689 1672 1671 1680
2897 689 1686 1684 1695
2898 689 1686 1685 1696
2899 689 1692 1690 1699
2900 689 1692 1691 1700
2901 689 1706 1704 1715
2902 689 1706 1705 1716
2903 689 1712 1710 1719
2904 689 1712 1711 1720
2905 689 1726 1724 1735
2906 689 1726 1725 1736
2907 689 1732 1730 1739
2908 689 1732 1731 1740
2909 689 1746 1744 1755
2910 689 1746 1745 1756
2911 689 1752 1750 1759
2912 689 1752 1751 1760
2913 689 1766 1764 1775
2914 689 1766 1765 1776
2915 689 1772 1770 1779
2916 689 1772 1771 1780
2917 689 1786 1784 1795
2918 689 1786 1785 1796
2919 689 1792 1790 1799
2920 689 1792 1791 1800
2921 689 1806 1804 1815
2922 689 1806 1805 1816
2923 689 1812 1810 1819
2924 689 1812 1811 1820
2925 689 1826 1824 1835
2926 689 1826 1825 1836
2927 689 1832 1830 1839
2928 689 1832 1831 1840
2929 689 1846 1844 1855
2930 689 1846 1845 1856
2931 689 1852 1850 1859
2932 689 1852 1851 1860
2933 689 1866 1864 1875
2934 689 1866 1865 1876
2935 689 1872 1870 1879
2936 689 1872 1871 1880
2937 689 1886 1884 1895
2938 689 1886 1885 1896
2939 689 1892 1890 1899
2940 689 1892 1891 1900
2941 689 1906 1904 1915
2942 689 1906 1905 1916
2943 689 1912 1910 1919
2944 689 1912 1911 1920
2945 689 1926 1924 1935
2946 689 1926 1925 1936
2947 689 1932 1930 1939
2948 689 1932 1931 1940
2949 689 1946 1944 1955
2950 689 1946 1945 1956
2951 689 1952 1950 1959
2952 689 1952 1951 1960
2953 689 1966 1964 1975
2954 689 1966 1965 1976
2955 689 1972 1970 1979
2956 689 1972 1971 1980
2957 689 1986 1984 1995
2958 689 1986 1985 1996
2959 689 1992 1990 1999
2960 689 1992 1991 2000
2961 689 2006 2004 2015
2962 689 2006 2005 2016
2963 689 2012 2010 2019
2964 689 2012 2011 2020
2965 689 2026 2024 2035
2966 689 2026 2025 2036
2967 689 2032 2030 2039
2968 689 2032 2031 2040
2969 689 2046 2044 2055
2970 689 2046 2045 2056
2971 689 2052 2050 2059
2972 689 2052 2051 2060
2973 689 2066 2064 2075
2974 689 2066 2065 2076
2975 689 2072 2070 2079
2976 689 2072 2071 2080
2977 689 2086 2084 2095
2978 689 2086 2085 2096
2979 689 2092 2090 2099
2980 689 2092 2091 2100
2981 689 2106 2104 2115
2982 689 2106 2105 2116
2983 689 2112 2110 2119
2984 689 2112 2111 2120
2985 689 2126 2124 2135
2986 689 2126 2125 2136
2987 689 2132 2130 2139
2988 689 2132 2131 2140
2989 689 2146 2144 2155
2990 689 2146 2145 2156
2991 689 2152 2150 2159
2992 689 2152 2151 2160
2993 689 2166 2164 2175
2994 689 2166 2165 2176
2995 689 2172 2170 2179
2996 689 2172 2171 2180
2997 689 2186 2184 2195
2998 689 2186 2185 2196
2999 689 2192 2190 2199
3000 689 2192 2191 2200
3001 689 2206 2204 2215
3002 689 2206 2205 2216
3003 689 2212 2210 2219
3004 689 2212 2211 2220
3005 689 2226 2224 2235
3006 689 2226 2225 2236
3007 689 2232 2230 2239
3008 689 2232 2231 2240
3009 689 2246 2244 2255
3010 689 2246 2245 2256
3011 689 2252 2250 2259
3012 689 2252 2251 2260
3013 689 2266 2264 2275
3014 689 2266 2265 2276
3015 689 2272 2270 2279
3016 689 2272 2271 2280
3017 689 2286 2284 2295
3018 689 2286 2285 2296
3019 689 2292 2290 2299
3020 689 2292 2291 2300
3021 689 2306 2304 2315
3022 689 2306 2305 2316
3023 689 2312 2310 2319
3024 689 2312 2311 2320
3025 689 2326 2324 2335
3026 689 2326 2325 2336
3027 689 2332 2330 2339
3028 689 2332 2331 2340
3029 689 2346 2344 2355
3030 689 2346 2345 2356
3031 689 2352 2350 2359
3032 689 2352 2351 2360
3033 689 2366 2364 2375
3034 689 2366 2365 2376
3035 689 2372 2370 2379
3036 689 2372 2371 2380
3037 689 2386 2384 2395
3038 689 2386 2385 2396
3039 689 2392 2390 2399
3040 689 2392 2391 2400
3041 689 2406 2404 2415
3042 689 2406 2405 2416
3043 689 2412 2410 2419
3044 689 2412 2411 2420
3045 689 2426 2424 2435
3046 689 2426 2425 2436
3047 689 2432 2430 2439
3048 689 2432 2431 2440
3049 689 2446 2444 2455
3050 689 2446 2445 2456
3051 689 2452 2450 2459
3052 689 2452 2451 2460
3053 689 2466 2464 2475
3054 689 2466 2465 2476
3055 689 2472 2470 2479
3056 689 2472 2471 2480
3057 689 2486 2484 2495
3058 689 2486 2485 2496
3059 689 2492 2490 2499
3060 689 2492 2491 2500
3061 689 2506 2504 2515
3062 689 2506 2505 2516
3063 689 2512 2510 2519
3064 689 2512 2511 2520
3065 689 2526 2524 2535
3066 689 2526 2525 2536
3067 689 2532 2530 2539
3068 689 2532 2531 2540
3069 689 2546 2544 2555
3070 689 2546 2545 2556
3071 689 2552 2550 2559
3072 689 2552 2551 2560
3073 1413 2 1 3
3074 1413 8 7 9
3075 1413 22 21 23
3076 1413 28 27 29
3077 1413 42 41 43
3078 1413 48 47 49
3079 1413 62 61 63
3080 1413 68 67 69
3081 1413 82 81 83
3082 1413 88 87 89
3083 1413 102 101 103
3084 1413 108 107 109
3085 1413 122 121 123
3086 1413 128 127 129
3087 1413 142 141 143
3088 1413 148 147 149
3089 1413 162 161 163
3090 1413 168 167 169
3091 1413 182 181 183
3092 1413 188 187 189
3093 1413 202 201 203
3094 1413 208 207 209
3095 1413 222 221 223
3096 1413 228 227 229
3097 1413 242 241 243
3098 1413 248 247 249
3099 1413 262 261 263
3100 1413 268 267 269
3101 1413 282 281 283
3102 1413 288 287 289
3103 1413 302 301 303
3104 1413 308 307 309
3105 1413 322 321 323
3106 1413 328 327 329
3107 1413 342 341 343
3108 1413 348 347 349
3109 1413 362 361 363
3110 1413 368 367 369
3111 1413 382 381 383
3112 1413 388 387 389
3113 1413 402 401 403
3114 1413 408 407 409
3115 1413 422 421 423
3116 1413 428 427 429
3117 1413 442 441 443
3118 1413 448 447 449
3119 1413 462 461 463
3120 1413 468 467 469
3121 1413 482 481 483
3122 1413 488 487 489
3123 1413 502 501 503
3124 1413 508 507 509
3125 1413 522 521 523
3126 1413 528 527 529
3127 1413 542 541 543
3128 1413 548 547 549
3129 1413 562 561 563
3130 1413 568 567 569
3131 1413 582 581 583
3132 1413 588 587 589
3133 1413 602 601 603
3134 1413 608 607 609
3135 1413 622 621 623
3136 1413 628 627 629
3137 1413 642 641 643
3138 1413 648 647 649
3139 1413 662 661 663
3140 1413 668 667 669
3141 1413 682 681 683
3142 1413 688 687 689
3143 1413 702 701 703
3144 1413 708 707 709
3145 1413 722 721 723
3146 1413 728 727 729
3147 1413 742 741 743
3148 1413 748 747 749
3149 1413 762 761 763
3150 1413 768 767 769
3151 1413 782 781 783
3152 1413 788 787 789
3153 1413 802 801 803
3154 1413 808 807 809
3155 1413 822 821 823
3156 1413 828 827 829
3157 1413 842 841 843
3158 1413 848 847 849
3159 1413 862 861 863
3160 1413 868 867 869
3161 1413 882 881 883
3162 1413 888 887 889
3163 1413 902 901 903
3164 1413 908 907 909
3165 1413 922 921 923
3166 1413 928 927 929
3167 1413 942 941 943
3168 1413 948 947 949
3169 1413 962 961 963
3170 1413 968 967 969
3171 1413 982 981 983
3172 1413 988 987 989
3173 1413 1002 1001 1003
3174 1413 1008 1007 1009
3175 1413 1022 1021 1023
3176 1413 1028 1027 1029
3177 1413 1042 1041 1043
3178 1413 1048 1047 1049
3179 1413 1062 1061 1063
3180 1413 1068 1067 1069
3181 1413 1082 1081 1083
3182 1413 1088 1087 1089
3183 1413 1102 1101 1103
3184 1413 1108 1107 1109
3185 1413 1122 1121 1123
3186 1413 1128 1127 1129
3187 1413 1142 1141 1143
3188 1413 1148 1147 1149
3189 1413 1162 1161 1163
3190 1413 1168 1167 1169
3191 1413 1182 1181 1183
3192 1413 1188 1187 1189
3193 1413 1202 1201 1203
3194 1413 1208 1207 1209
3195 1413 1222 1221 1223
3196 1413 1228 1227 1229
3197 1413 1242 1241 1243
3198 1413 1248 1247 1249
3199 1413 1262 1261 1263
3200 1413 1268 1267 1269
3201 1413 1282 1281 1283
3202 1413 1288 1287 1289
3203 1413 1302 1301 1303
3204 1413 1308 1307 1309
3205 1413 1322 1321 1323
3206 1413 1328 1327 1329
3207 1413 1342 1341 1343
3208 1413 1348 1347 1349
3209 1413 1362 1361 1363
3210 1413 1368 1367 1369
3211 1413 1382 1381 1383
3212 1413 1388 1387 1389
3213 1413 1402 1401 1403
3214 1413 1408 1407 1409
3215 1413 1422 1421 1423
3216 1413 1428 1427 1429
3217 1413 1442 1441 1443
3218 1413 1448 1447 1449
3219 1413 1462 1461 1463
3220 1413 1468 1467 1469
3221 1413 1482 1481 1483
3222 1413 1488 1487 1489
3223 1413 1502 1501 1503
3224 1413 1508 1507 1509
3225 1413 1522 1521 1523
3226 1413 1528 1527 1529
3227 1413 1542 1541 1543
3228 1413 1548 1547 1549
3229 1413 1562 1561 1563
3230 1413 1568 1567 1569
3231 1413 1582 1581 1583
3232 1413 1588 1587 1589
3233 1413 1602 1601 1603
3234 1413 1608 1607 1609
3235 1413 1622 1621 1623
3236 1413 1628 1627 1629
3237 1413 1642 1641 1643
3238 1413 1648 1647 1649
3239 1413 1662 1661 1663
3240 1413 1668 1667 1669
3241 1413 1682 1681 1683
3242 1413 1688 1687 1689
3243 1413 1702 1701 1703
3244 1413 1708 1707 1709
3245 1413 1722 1721 1723
3246 1413 1728 1727 1729
3247 1413 1742 1741 1743
3248 1413 1748 1747 1749
3249 1413 1762 1761 1763
3250 1413 1768 1767 1769
3251 1413 1782 1781 1783
3252 1413 1788 1787 1789
3253 1413 1802 1801 1803
3254 1413 1808 1807 1809
3255 1413 1822 1821 1823
3256 1413 1828 1827 1829
3257 1413 1842 1841 1843
3258 1413 1848 1847 1849
3259 1413 1862 1861 1863
3260 1413 1868 1867 1869
3261 1413 1882 1881 1883
3262 1413 1888 1887 1889
3263 1413 1902 1901 1903
3264 1413 1908 1907 1909
3265 1413 1922 1921 1923
3266 1413 1928 1927 1929
3267 1413 1942 1941 1943
3268 1413 1948 1947 1949
3269 1413 1962 1961 1963
3270 1413 1968 1967 1969
3271 1413 1982 1981 1983
3272 1413 1988 1987 1989
3273 1413 2002 2001 2003
3274 1413 2008 2007 2009
3275 1413 2022 2021 2023
3276 1413 2028 2027 2029
3277 1413 2042 2041 2043
3278 1413 2048 2047 2049
3279 1413 2062 2061 2063
3280 1413 2068 2067 2069
3281 1413 2082 2081 2083
3282 1413 2088 2087 2089
3283 1413 2102 2101 2103
3284 1413 2108 2107 2109
3285 1413 2122 2121 2123
3286 1413 2128 2127 2129
3287 1413 2142 2141 2143
3288 1413 2148 2147 2149
3289 1413 2162 2161 2163
3290 1413 2168 2167 2169
3291 1413 2182 2181 2183
3292 1413 2188 2187 2189
3293 1413 2202 2201 2203
3294 1413 2208 2207 2209
3295 1413 2222 2221 2223
3296 1413 2228 2227 2229
3297 1413 2242 2241 2243
3298 1413 2248 2247 2249
3299 1413 2262 2261 2263
3300 1413 2268 2267 2269
3301 1413 2282 2281 2283
3302 1413 2288 2287 2289
3303 1413 2302 2301 2303
3304 1413 2308 2307 2309
3305 1413 2322 2321 2323
3306 1413 2328 2327 2329
3307 1413 2342 2341 2343
3308 1413 2348 2347 2349
3309 1413 2362 2361 2363
3310 1413 2368 2367 2369
3311 1413 2382 2381 2383
3312 1413 2388 2387 2389
3313 1413 2402 2401 2403
3314 1413 2408 2407 2409
3315 1413 2422 2421 2423
3316 1413 2428 2427 2429
3317 1413 2442 2441 2443
3318 1413 2448 2447 2449
3319 1413 2462 2461 2463
3320 1413 2468 2467 2469
3321 1413 2482 2481 2483
3322 1413 2488 2487 2489
3323 1413 2502 2501 2503
3324 1413 2508 2507 2509
3325 1413 2522 2521 2523
3326 1413 2528 2527 2529
3327 1413 2542 2541 2543
3328 1413 2548 2547 2549
3329 1414 2 1 7
3330 1414 3 1 7
3331 1414 1 7 8
3332 1414 1 7 9
3333 1414 22 21 27
3334 1414 23 21 27
3335 1414 21 27 28
3336 1414 21 27 29
3337 1414 42 41 47
3338 1414 43 41 47
3339 1414 41 47 48
3340 1414 41 47 49
3341 1414 62 61 67
3342 1414 63 61 67
3343 1414 61 67 68
3344 1414 61 67 69
3345 1414 82 81 87
3346 1414 83 81 87
3347 1414 81 87 88
3348 1414 81 87 89
3349 1414 102 101 107
3350 1414 103 101 107
3351 1414 101 107 108
3352 1414 101 107 109
3353 1414 122 121 127
3354 1414 123 121 127
3355 1414 121 127 128
3356 1414 121 127 129
3357 1414 142 141 147
3358 1414 143 141 147
3359 1414 141 147 148
3360 1414 141 147 149
3361 1414 162 161 167
3362 1414 163 161 167
3363 1414 161 167 168
3364 1414 161 167 169
3365 1414 182 181 187
3366 1414 183 181 187
3367 1414 181 187 188
3368 1414 181 187 189
3369 1414 202 201 207
3370 1414 203 201 207
3371 1414 201 207 208
3372 1414 201 207 209
3373 1414 222 221 227
3374 1414 223 221 227
3375 1414 221 227 228
3376 1414 221 227 229
3377 1414 242 241 247
3378 1414 243 241 247
3379 1414 241 247 248
3380 1414 241 247 249
3381 1414 262 261 267
3382 1414 263 261 267
3383 1414 261 267 268
3384 1414 261 267 269
3385 1414 282 281 287
3386 1414 283 281 287
3387 1414 281 287 288
3388 1414 281 287 289
3389 1414 302 301 307
3390 1414 303 301 307
3391 1414 301 307 308
3392 1414 301 307 309
3393 1414 322 321 327
3394 1414 323 321 327
3395 1414 321 327 328
3396 1414 321 327 329
3397 1414 342 341 347
3398 1414 343 341 347
3399 1414 341 347 348
3400 1414 341 347 349
3401 1414 362 361 367
3402 1414 363 361 367
3403 1414 361 367 368
3404 1414 361 367 369
3405 1414 382 381 387
3406 1414 383 381 387
3407 1414 381 387 388
3408 1414 381 387 389
3409 1414 402 401 407
3410 1414 403 401 407
3411 1414 401 407 408
3412 1414 401 407 409
3413 1414 422 421 427
3414 1414 423 421 427
3415 1414 421 427 428
3416 1414 421 427 429
3417 1414 442 441 447
3418 1414 443 441 447
3419 1414 441 447 448
3420 1414 441 447 449
3421 1414 462 461 467
3422 1414 463 461 467
3423 1414 461 467 468
3424 1414 461 467 469
3425 1414 482 481 487
3426 1414 483 481 487
3427 1414 481 487 488
3428 1414 481 487 489
3429 1414 502 501 507
3430 1414 503 501 507
3431 1414 501 507 508
3432 1414 501 507 509
3433 1414 522 521 527
3434 1414 523 521 527
3435 1414 521 527 528
3436 1414 521 527 529
3437 1414 542 541 547
3438 1414 543 541 547
3439 1414 541 547 548
3440 1414 541 547 549
3441 1414 562 561 567
3442 1414 563 561 567
3443 1414 561 567 568
3444 1414 561 567 569
3445 1414 582 581 587
3446 1414 583 581 587
3447 1414 581 587 588
3448 1414 581 587 589
3449 1414 602 601 607
3450 1414 603 601 607
3451 1414 601 607 608
3452 1414 601 607 609
3453 1414 622 621 627
3454 1414 623 621 627
3455 1414 621 627 628
3456 1414 621 627 629
3457 1414 642 641 647
3458 1414 643 641 647
3459 1414 641 647 648
3460 1414 641 647 649
3461 1414 662 661 667
3462 1414 663 661 667
3463 1414 661 667 668
3464 1414 661 667 669
3465 1414 682 681 687
3466 1414 683 681 687
3467 1414 681 687 688
3468 1414 681 687 689
3469 1414 702 701 707
3470 1414 703 701 707
3471 1414 701 707 708
3472 1414 701 707 709
3473 1414 722 721 727
3474 1414 723 721 727
3475 1414 721 727 728
3476 1414 721 727 729
3477 1414 742 741 747
3478 1414 743 741 747
3479 1414 741 747 748
3480 1414 741 747 749
3481 1414 762 761 767
3482 1414 763 761 767
3483 1414 761 767 768
3484 1414 761 767 769
3485 1414 782 781 787
3486 1414 783 781 787
3487 1414 781 787 788
3488 1414 781 787 789
3489 1414 802 801 807
3490 1414 803 801 807
3491 1414 801 807 808
3492 1414 801 807 809
3493 1414 822 821 827
3494 1414 823 821 827
3495 1414 821 827 828
3496 1414 821 827 829
3497 1414 842 841 847
3498 1414 843 841 847
3499 1414 841 847 848
3500 1414 841 847 849
3501 1414 862 861 867
3502 1414 863 861 867
3503 1414 861 867 868
3504 1414 861 867 869
3505 1414 882 881 887
3506 1414 883 881 887
3507 1414 881 887 888
3508 1414 881 887 889
3509 1414 902 901 907
3510 1414 903 901 907
3511 1414 901 907 908
3512 1414 901 907 909
3513 1414 922 921 927
3514 1414 923 921 927
3515 1414 921 927 928
3516 1414 921 927 929
3517 1414 942 941 947
3518 1414 943 941 947
3519 1414 941 947 948
3520 1414 941 947 949
3521 1414 962 961 967
3522 1414 963 961 967
3523 1414 961 967 968
3524 1414 961 967 969
3525 1414 982 981 987
3526 1414 983 981 987
3527 1414 981 987 988
3528 1414 981 987 989
3529 1414 1002 1001 1007
3530 1414 1003 1001 1007
3531 1414 1001 1007 1008
3532 1414 1001 1007 1009
3533 1414 1022 1021 1027
3534 1414 1023 1021 1027
3535 1414 1021 1027 1028
3536 1414 1021 1027 1029
3537 1414 1042 1041 1047
3538 1414 1043 1041 1047
3539 1414 1041 1047 1048
3540 1414 1041 1047 1049
3541 1414 1062 1061 1067
3542 1414 1063 1061 1067
3543 1414 1061 1067 1068
3544 1414 1061 1067 1069
3545 1414 1082 1081 1087
3546 1414 1083 1081 1087
3547 1414 1081 1087 1088
3548 1414 1081 1087 1089
3549 1414 1102 1101 1107
3550 1414 1103 1101 1107
3551 1414 1101 1107 1108
3552 1414 1101 1107 1109
3553 1414 1122 1121 1127
3554 1414 1123 1121 1127
3555 1414 1121 1127 1128
3556 1414 1121 1127 1129
3557 1414 1142 1141 1147
3558 1414 1143 1141 1147
3559 1414 1141 1147 1148
3560 1414 1141 1147 1149
3561 1414 1162 1161 1167
3562 1414 1163 1161 1167
3563 1414 1161 1167 1168
3564 1414 1161 1167 1169
3565 1414 1182 1181 1187
3566 1414 1183 1181 1187
3567 1414 1181 1187 1188
3568 1414 1181 1187 1189
3569 1414 1202 1201 1207
3570 1414 1203 1201 1207
3571 1414 1201 1207 1208
3572 1414 1201 1207 1209
3573 1414 1222 1221 1227
3574 1414 1223 1221 1227
3575 1414 1221 1227 1228
3576 1414 1221 1227 1229
3577 1414 1242 1241 1247
3578 1414 1243 1241 1247
3579 1414 1241 1247 1248
3580 1414 1241 1247 1249
3581 1414 1262 1261 1267
3582 1414 1263 1261 1267
3583 1414 1261 1267 1268
3584 1414 1261 1267 1269
3585 1414 1282 1281 1287
3586 1414 1283 1281 1287
3587 1414 1281 1287 1288
3588 1414 1281 1287 1289
3589 1414 1302 1301 1307
3590 1414 1303 1301 1307
3591 1414 1301 1307 1308
3592 1414 1301 1307 1309
3593 1414 1322 1321 1327
3594 1414 1323 1321 1327
3595 1414 1321 1327 1328
3596 1414 1321 1327 1329
3597 1414 1342 1341 1347
3598 1414 1343 1341 1347
3599 1414 1341 1347 1348
3600 1414 1341 1347 1349
3601 1414 1362 1361 1367
3602 1414 1363 1361 1367
3603 1414 1361 1367 1368
3604 1414 1361 1367 1369
3605 1414 1382 1381 1387
3606 1414 1383 1381 1387
3607 1414 1381 1387 1388
3608 1414 1381 1387 1389
3609 1414 1402 1401 1407
3610 1414 1403 1401 1407
3611 1414 1401 1407 1408
3612 1414 1401 1407 1409
3613 1414 1422 1421 1427
3614 1414 1423 1421 1427
3615 1414 1421 1427 1428
3616 1414 1421 1427 1429
3617 1414 1442 1441 1447
3618 1414 1443 1441 1447
3619 1414 1441 1447 1448
3620 1414 1441 1447 1449
3621 1414 1462 1461 1467
3622 1414 1463 1461 1467
3623 1414 1461 1467 1468
3624 1414 1461 1467 1469
3625 1414 1482 1481 1487
3626 1414 1483 1481 1487
3627 1414 1481 1487 1488
3628 1414 1481 1487 1489
3629 1414 1502 1501 1507
3630 1414 1503 1501 1507
3631 1414 1501 1507 1508
3632 1414 1501 1507 1509
3633 1414 1522 1521 1527
3634 1414 1523 1521 1527
3635 1414 1521 1527 1528
3636 1414 1521 1527 1529
3637 1414 1542 1541 1547
3638 1414 1543 1541 1547
3639 1414 1541 1547 1548
3640 1414 1541 1547 1549
3641 1414 1562 1561 1567
3642 1414 1563 1561 1567
3643 1414 1561 1567 1568
3644 1414 1561 1567 1569
3645 1414 1582 1581 1587
3646 1414 1583 1581 1587
3647 1414 1581 1587 1588
3648 1414 1581 1587 1589
3649 1414 1602 1601 1607
3650 1414 1603 1601 1607
3651 1414 1601 1607 1608
3652 1414 1601 1607 1609
3653 1414 1622 1621 1627
3654 1414 1623 1621 1627
3655 1414 1621 1627 1628
3656 1414 1621 1627 1629
3657 1414 1642 1641 1647
3658 1414 1643 1641 1647
3659 1414 1641 1647 1648
3660 1414 1641 1647 1649
3661 1414 1662 1661 1667
3662 1414 1663 1661 1667
3663 1414 1661 1667 1668
3664 1414 1661 1667 1669
3665 1414 1682 1681 1687
3666 1414 1683 1681 1687
3667 1414 1681 1687 1688
3668 1414 1681 1687 1689
3669 1414 1702 1701 1707
3670 1414 1703 1701 1707
3671 1414 1701 1707 1708
3672 1414 1701 1707 1709
3673 1414 1722 1721 1727
3674 1414 1723 1721 1727
3675 1414 1721 1727 1728
3676 1414 1721 1727 1729
3677 1414 1742 1741 1747
3678 1414 1743 1741 1747
3679 1414 1741 1747 1748
3680 1414 1741 1747 1749
3681 1414 1762 1761 1767
3682 1414 1763 1761 1767
3683 1414 1761 1767 1768
3684 1414 1761 1767 1769
3685 1414 1782 1781 1787
3686 1414 1783 1781 1787
3687 1414 1781 1787 1788
3688 1414 1781 1787 1789
3689 1414 1802 1801 1807
3690 1414 1803 1801 1807
3691 1414 1801 1807 1808
3692 1414 1801 1807 1809
3693 1414 1822 1821 1827
3694 1414 1823 1821 1827
3695 1414 1821 1827 1828
3696 1414 1821 1827 1829
3697 1414 1842 1841 1847
3698 1414 1843 1841 1847
3699 1414 1841 1847 1848
3700 1414 1841 1847 1849
3701 1414 1862 1861 1867
3702 1414 1863 1861 1867
3703 1414 1861 1867 1868
3704 1414 1861 1867 1869
3705 1414 1882 1881 1887
3706 1414 1883 1881 1887
3707 1414 1881 1887 1888
3708 1414 1881 1887 1889
3709 1414 1902 1901 1907
3710 1414 1903 1901 1907
3711 1414 1901 1907 1908
3712 1414 1901 1907 1909
3713 1414 1922 1921 1927
3714 1414 1923 1921 1927
3715 1414 1921 1927 1928
3716 1414 1921 1927 1929
3717 1414 1942 1941 1947
3718 1414 1943 1941 1947
3719 1414 1941 1947 1948
3720 1414 1941 1947 1949
3721 1414 1962 1961 1967
3722 1414 1963 1961 1967
3723 1414 1961 1967 1968
3724 1414 1961 1967 1969
3725 1414 1982 1981 1987
3726 1414 1983 1981 1987
3727 1414 1981 1987 1988
3728 1414 1981 1987 1989
3729 1414 2002 2001 2007
3730 1414 2003 2001 2007
3731 1414 2001 2007 2008
3732 1414 2001 2007 2009
3733 1414 2022 2021 2027
3734 1414 2023 2021 2027
3735 1414 2021 2027 2028
3736 1414 2021 2027 2029
3737 1414 2042 2041 2047
3738 1414 2043 2041 2047
3739 1414 2041 2047 2048
3740 1414 2041 2047 2049
3741 1414 2062 2061 2067
3742 1414 2063 2061 2067
3743 1414 2061 2067 2068
3744 1414 2061 2067 2069
3745 1414 2082 2081 2087
3746 1414 2083 2081 2087
3747 1414 2081 2087 2088
3748 1414 2081 2087 2089
3749 1414 2102 2101 2107
3750 1414 2103 2101 2107
3751 1414 2101 2107 2108
3752 1414 2101 2107 2109
3753 1414 2122 2121 2127
3754 1414 2123 2121 2127
3755 1414 2121 2127 2128
3756 1414 2121 2127 2129
3757 1414 2142 2141 2147
3758 1414 2143 2141 2147
3759 1414 2141 2147 2148
3760 1414 2141 2147 2149
3761 1414 2162 2161 2167
3762 1414 2163 2161 2167
3763 1414 2161 2167 2168
3764 1414 2161 2167 2169
3765 1414 2182 2181 2187
3766 1414 2183 2181 2187
3767 1414 2181 2187 2188
3768 1414 2181 2187 2189
3769 1414 2202 2201 2207
3770 1414 2203 2201 2207
3771 1414 2201 2207 2208
3772 1414 2201 2207 2209
3773 1414 2222 2221 2227
3774 1414 2223 2221 2227
3775 1414 2221 2227 2228
3776 1414 2221 2227 2229
3777 1414 2242 2241 2247
3778 1414 2243 2241 2247
3779 1414 2241 2247 2248
3780 1414 2241 2247 2249
3781 1414 2262 2261 2267
3782 1414 2263 2261 2267
3783 1414 2261 2267 2268
3784 1414 2261 2267 2269
3785 1414 2282 2281 2287
3786 1414 2283 2281 2287
3787 1414 2281 2287 2288
3788 1414 2281 2287 2289
3789 1414 2302 2301 2307
3790 1414 2303 2301 2307
3791 1414 2301 2307 2308
3792 1414 2301 2307 2309
3793 1414 2322 2321 2327
3794 1414 2323 2321 2327
3795 1414 2321 2327 2328
3796 1414 2321 2327 2329
3797 1414 2342 2341 2347
3798 1414 2343 2341 2347
3799 1414 2341 2347 2348
3800 1414 2341 2347 2349
3801 1414 2362 2361 2367
3802 1414 2363 2361 2367
3803 1414 2361 2367 2368
3804 1414 2361 2367 2369
3805 1414 2382 2381 2387
3806 1414 2383 2381 2387
3807 1414 2381 2387 2388
3808 1414 2381 2387 2389
3809 1414 2402 2401 2407
3810 1414 2403 2401 2407
3811 1414 2401 2407 2408
3812 1414 2401 2407 2409
3813 1414 2422 2421 2427
3814 1414 2423 2421 2427
3815 1414 2421 2427 2428
3816 1414 2421 2427 2429
3817 1414 2442 2441 2447
3818 1414 2443 2441 2447
3819 1414 2441 2447 2448
3820 1414 2441 2447 2449
3821 1414 2462 2461 2467
3822 1414 2463 2461 2467
3823 1414 2461 2467 2468
3824 1414 2461 2467 2469
3825 1414 2482 2481 2487
3826 1414 2483 2481 2487
3827 1414 2481 2487 2488
3828 1414 2481 2487 2489
3829 1414 2502 2501 2507
3830 1414 2503 2501 2507
3831 1414 2501 2507 2508
3832 1414 2501 2507 2509
3833 1414 2522 2521 2527
3834 1414 2523 2521 2527
3835 1414 2521 2527 2528
3836 1414 2521 2527 2529
3837 1414 2542 2541 2547
3838 1414 2543 2541 2547
3839 1414 2541 2547 2548
3840 1414 2541 2547 2549
3841 2325 4 6 5
3842 2325 10 12 11
3843 2325 24 26 25
3844 2325 30 32 31
3845 2325 44 46 45
3846 2325 50 52 51
3847 2325 64 66 65
3848 2325 70 72 71
3849 2325 84 86 85
3850 2325 90 92 91
3851 2325 104 106 105
3852 2325 110 112 111
3853 2325 124 126 125
3854 2325 130 132 131
3855 2325 144 146 145
3856 2325 150 152 151
3857 2325 164 166 165
3858 2325 170 172 171
3859 2325 184 186 185
3860 2325 190 192 191
3861 2325 204 206 205
3862 2325 210 212 211
3863 2325 224 226 225
3864 2325 230 232 231
3865 2325 244 246 245
3866 2325 250 252 251
3867 2325 264 266 265
3868 2325 270 272 271
3869 2325 284 286 285
3870 2325 290 292 291
3871 2325 304 306 305
3872 2325 310 312 311
3873 2325 324 326 325
3874 2325 330 332 331
3875 2325 344 346 345
3876 2325 350 352 351
3877 2325 364 366 365
3878 2325 370 372 371
3879 2325 384 386 385
3880 2325 390 392 391
3881 2325 404 406 405
3882 2325 410 412 411
3883 2325 424 426 425
3884 2325 430 432 431
3885 2325 444 446 445
3886 2325 450 452 451
3887 2325 464 466 465
3888 2325 470 472 471
3889 2325 484 486 485
3890 2325 490 492 491
3891 2325 504 506 505
3892 2325 510 512 511
3893 2325 524 526 525
3894 2325 530 532 531
3895 2325 544 546 545
3896 2325 550 552 551
3897 2325 564 566 565
3898 2325 570 572 571
3899 2325 584 586 585
3900 2325 590 592 591
3901 2325 604 606 605
3902 2325 610 612 611
3903 2325 624 626 625
3904 2325 630 632 631
3905 2325 644 646 645
3906 2325 650 652 651
3907 2325 664 666 665
3908 2325 670 672 671
3909 2325 684 686 685
3910 2325 690 692 691
3911 2325 704 706 705
3912 2325 710 712 711
3913 2325 724 726 725
3914 2325 730 732 731
3915 2325 744 746 745
3916 2325 750 752 751
3917 2325 764 766 765
3918 2325 770 772 771
3919 2325 784 786 785
3920 2325 790 792 791
3921 2325 804 806 805
3922 2325 810 812 811
3923 2325 824 826 825
3924 2325 830 832 831
3925 2325 844 846 845
3926 2325 850 852 851
3927 2325 864 866 865
3928 2325 870 872 871
3929 2325 884 886 885
3930 2325 890 892 891
3931 2325 904 906 905
3932 2325 910 912 911
3933 2325 924 926 925
3934 2325 930 932 931
3935 2325 944 946 945
3936 2325 950 952 951
3937 2325 964 966 965
3938 2325 970 972 971
3939 2325 984 986 985
3940 2325 990 992 991
3941 2325 1004 1006 1005
3942 2325 1010 1012 1011
3943 2325 1024 1026 1025
3944 2325 1030 1032 1031
3945 2325 1044 1046 1045
3946 2325 1050 1052 1051
3947 2325 1064 1066 1065
3948 2325 1070 1072 1071
3949 2325 1084 1086 1085
3950 2325 1090 1092 1091
3951 2325 1104 1106 1105
3952 2325 1110 1112 1111
3953 2325 1124 1126 1125
3954 2325 1130 1132 1131
3955 2325 1144 1146 1145
3956 2325 1150 1152 1151
3957 2325 1164 1166 1165
3958 2325 1170 1172 1171
3959 2325 1184 1186 1185
3960 2325 1190 1192 1191
3961 2325 1204 1206 1205
3962 2325 1210 1212 1211
3963 2325 1224 1226 1225
3964 2325 1230 1232 1231
3965 2325 1244 1246 1245
3966 2325 1250 1252 1251
3967 2325 1264 1266 1265
3968 2325 1270 1272 1271
3969 2325 1284 1286 1285
3970 2325 1290 1292 1291
3971 2325 1304 1306 1305
3972 2325 1310 1312 1311
3973 2325 1324 1326 1325
3974 2325 1330 1332 1331
3975 2325 1344 1346 1345
3976 2325 1350 1352 1351
3977 2325 1364 1366 1365
3978 2325 1370 1372 1371
3979 2325 1384 1386 1385
3980 2325 1390 1392 1391
3981 2325 1404 1406 1405
3982 2325 1410 1412 1411
3983 2325 1424 1426 1425
3984 2325 1430 1432 1431
3985 2325 1444 1446 1445
3986 2325 1450 1452 1451
3987 2325 1464 1466 1465
3988 2325 1470 1472 1471
3989 2325 1484 1486 1485
3990 2325 1490 1492 1491
3991 2325 1504 1506 1505
3992 2325 1510 1512 1511
3993 2325 1524 1526 1525
3994 2325 1530 1532 1531
3995 2325 1544 1546 1545
3996 2325 1550 1552 1551
3997 2325 1564 1566 1565
3998 2325 1570 1572 1571
3999 2325 1584 1586 1585
4000 2325 1590 1592 1591
4001 2325 1604 1606 1605
4002 2325 1610 1612 1611
4003 2325 1624 1626 1625
4004 2325 1630 1632 1631
4005 2325 1644 1646 1645
4006 2325 1650 1652 1651
4007 2325 1664 1666 1665
4008 2325 1670 1672 1671
4009 2325 1684 1686 1685
4010 2325 1690 1692 1691
4011 2325 1704 1706 1705
4012 2325 1710 1712 1711
4013 2325 1724 1726 1725
4014 2325 1730 1732 1731
4015 2325 1744 1746 1745
4016 2325 1750 1752 1751
4017 2325 1764 1766 1765
4018 2325 1770 1772 1771
4019 2325 1784 1786 1785
4020 2325 1790 1792 1791
4021 2325 1804 1806 1805
4022 2325 1810 1812 1811
4023 2325 1824 1826 1825
4024 2325 1830 1832 1831
4025 2325 1844 1846 1845
4026 2325 1850 1852 1851
4027 2325 1864 1866 1865
4028 2325 1870 1872 1871
4029 2325 1884 1886 1885
4030 2325 1890 1892 1891
4031 2325 1904 1906 1905
4032 2325 1910 1912 1911
4033 2325 1924 1926 1925
4034 2325 1930 1932 1931
4035 2325 1944 1946 1945
4036 2325 1950 1952 1951
4037 2325 1964 1966 1965
4038 2325 1970 1972 1971
4039 2325 1984 1986 1985
4040 2325 1990 1992 1991
4041 2325 2004 2006 2005
4042 2325 2010 2012 2011
4043 2325 2024 2026 2025
4044 2325 2030 2032 2031
4045 2325 2044 2046 2045
4046 2325 2050 2052 2051
4047 2325 2064 2066 2065
4048 2325 2070 2072 2071
4049 2325 2084 2086 2085
4050 2325 2090 2092 2091
4051 2325 2104 2106 2105
4052 2325 2110 2112 2111
4053 2325 2124 2126 2125
4054 2325 2130 2132 2131
4055 2325 2144 2146 2145
4056 2325 2150 2152 2151
4057 2325 2164 2166 2165
4058 2325 2170 2172 2171
4059 2325 2184 2186 2185
4060 2325 2190 2192 2191
4061 2325 2204 2206 2205
4062 2325 2210 2212 2211
4063 2325 2224 2226 2225
4064 2325 2230 2232 2231
4065 2325 2244 2246 2245
4066 2325 2250 2252 2251
4067 2325 2264 2266 2265
4068 2325 2270 2272 2271
4069 2325 2284 2286 2285
4070 2325 2290 2292 2291
4071 2325 2304 2306 2305
4072 2325 2310 2312 2311
4073 2325 2324 2326 2325
4074 2325 2330 2332 2331
4075 2325 2344 2346 2345
4076 2325 2350 2352 2351
4077 2325 2364 2366 2365
4078 2325 2370 2372 2371
4079 2325 2384 2386 2385
4080 2325 2390 2392 2391
4081 2325 2404 2406 2405
4082 2325 2410 2412 2411
4083 2325 2424 2426 2425
4084 2325 2430 2432 2431
4085 2325 2444 2446 2445
4086 2325 2450 2452 2451
4087 2325 2464 2466 2465
4088 2325 2470 2472 2471
4089 2325 2484 2486 2485
4090 2325 2490 2492 2491
4091 2325 2504 2506 2505
4092 2325 2510 2512 2511
4093 2325 2524 2526 2525
4094 2325 2530 2532 2531
4095 2325 2544 2546 2545
4096 2325 2550 2552 2551
