1 165 1 2
2 165 1 3
3 375 1 7
4 157 2 4
5 172 2 13
6 157 3 5
7 172 3 14
8 179 4 6
9 170 4 15
10 179 5 6
11 170 5 16
12 165 7 8
13 165 7 9
14 157 8 10
15 172 8 17
16 157 9 11
17 172 9 18
18 179 10 12
19 170 10 19
20 179 11 12
21 170 11 20
22 165 21 22
23 165 21 23
24 375 21 27
25 157 22 24
26 172 22 33
27 157 23 25
28 172 23 34
29 179 24 26
30 170 24 35
31 179 25 26
32 170 25 36
33 165 27 28
34 165 27 29
35 157 28 30
36 172 28 37
37 157 29 31
38 172 29 38
39 179 30 32
40 170 30 39
41 179 31 32
42 170 31 40
43 165 41 42
44 165 41 43
45 375 41 47
46 157 42 44
47 172 42 53
48 157 43 45
49 172 43 54
50 179 44 46
51 170 44 55
52 179 45 46
53 170 45 56
54 165 47 48
55 165 47 49
56 157 48 50
57 172 48 57
58 157 49 51
59 172 49 58
60 179 50 52
61 170 50 59
62 179 51 52
63 170 51 60
64 165 61 62
65 165 61 63
66 375 61 67
67 157 62 64
68 172 62 73
69 157 63 65
70 172 63 74
71 179 64 66
72 170 64 75
73 179 65 66
74 170 65 76
75 165 67 68
76 165 67 69
77 157 68 70
78 172 68 77
79 157 69 71
80 172 69 78
81 179 70 72
82 170 70 79
83 179 71 72
84 170 71 80
85 165 81 82
86 165 81 83
87 375 81 87
88 157 82 84
89 172 82 93
90 157 83 85
91 172 83 94
92 179 84 86
93 170 84 95
94 179 85 86
95 170 85 96
96 165 87 88
97 165 87 89
98 157 88 90
99 172 88 97
100 157 89 91
101 172 89 98
102 179 90 92
103 170 90 99
104 179 91 92
105 170 91 100
106 165 101 102
107 165 101 103
108 375 101 107
109 157 102 104
110 172 102 113
111 157 103 105
112 172 103 114
113 179 104 106
114 170 104 115
115 179 105 106
116 170 105 116
117 165 107 108
118 165 107 109
119 157 108 110
120 172 108 117
121 157 109 111
122 172 109 118
123 179 110 112
124 170 110 119
125 179 111 112
126 170 111 120
127 165 121 122
128 165 121 123
129 375 121 127
130 157 122 124
131 172 122 133
132 157 123 125
133 172 123 134
134 179 124 126
135 170 124 135
136 179 125 126
137 170 125 136
138 165 127 128
139 165 127 129
140 157 128 130
141 172 128 137
142 157 129 131
143 172 129 138
144 179 130 132
145 170 130 139
146 179 131 132
147 170 131 140
148 165 141 142
149 165 141 143
150 375 141 147
151 157 142 144
152 172 142 153
153 157 143 145
154 172 143 154
155 179 144 146
156 170 144 155
157 179 145 146
158 170 145 156
159 165 147 148
160 165 147 149
161 157 148 150
162 172 148 157
163 157 149 151
164 172 149 158
165 179 150 152
166 170 150 159
167 179 151 152
168 170 151 160
169 165 161 162
170 165 161 163
171 375 161 167
172 157 162 164
173 172 162 173
174 157 163 165
175 172 163 174
176 179 164 166
177 170 164 175
178 179 165 166
179 170 165 176
180 165 167 168
181 165 167 169
182 157 168 170
183 172 168 177
184 157 169 171
185 172 169 178
186 179 170 172
187 170 170 179
188 179 171 172
189 170 171 180
190 165 181 182
191 165 181 183
192 375 181 187
193 157 182 184
194 172 182 193
195 157 183 185
196 172 183 194
197 179 184 186
198 170 184 195
199 179 185 186
200 170 185 196
201 165 187 188
202 165 187 189
203 157 188 190
204 172 188 197
205 157 189 191
206 172 189 198
207 179 190 192
208 170 190 199
209 179 191 192
210 170 191 200
211 165 201 202
212 165 201 203
213 375 201 207
214 157 202 204
215 172 202 213
216 157 203 205
217 172 203 214
218 179 204 206
219 170 204 215
220 179 205 206
221 170 205 216
222 165 207 208
223 165 207 209
224 157 208 210
225 172 208 217
226 157 209 211
227 172 209 218
228 179 210 212
229 170 210 219
230 179 211 212
231 170 211 220
232 165 221 222
233 165 221 223
234 375 221 227
235 157 222 224
236 172 222 233
237 157 223 225
238 172 223 234
239 179 224 226
240 170 224 235
241 179 225 226
242 170 225 236
243 165 227 228
244 165 227 229
245 157 228 230
246 172 228 237
247 157 229 231
248 172 229 238
249 179 230 232
250 170 230 239
251 179 231 232
252 170 231 240
253 165 241 242
254 165 241 243
255 375 241 247
256 157 242 244
257 172 242 253
258 157 243 245
259 172 243 254
260 179 244 246
261 170 244 255
262 179 245 246
263 170 245 256
264 165 247 248
265 165 247 249
266 157 248 250
267 172 248 257
268 157 249 251
269 172 249 258
270 179 250 252
271 170 250 259
272 179 251 252
273 170 251 260
274 165 261 262
275 165 261 263
276 375 261 267
277 157 262 264
278 172 262 273
279 157 263 265
280 172 263 274
281 179 264 266
282 170 264 275
283 179 265 266
284 170 265 276
285 165 267 268
286 165 267 269
287 157 268 270
288 172 268 277
289 157 269 271
290 172 269 278
291 179 270 272
292 170 270 279
293 179 271 272
294 170 271 280
295 165 281 282
296 165 281 283
297 375 281 287
298 157 282 284
299 172 282 293
300 157 283 285
301 172 283 294
302 179 284 286
303 170 284 295
304 179 285 286
305 170 285 296
306 165 287 288
307 165 287 289
308 157 288 290
309 172 288 297
310 157 289 291
311 172 289 298
312 179 290 292
313 170 290 299
314 179 291 292
315 170 291 300
316 165 301 302
317 165 301 303
318 375 301 307
319 157 302 304
320 172 302 313
321 157 303 305
322 172 303 314
323 179 304 306
324 170 304 315
325 179 305 306
326 170 305 316
327 165 307 308
328 165 307 309
329 157 308 310
330 172 308 317
331 157 309 311
332 172 309 318
333 179 310 312
334 170 310 319
335 179 311 312
336 170 311 320
337 165 321 322
338 165 321 323
339 375 321 327
340 157 322 324
341 172 322 333
342 157 323 325
343 172 323 334
344 179 324 326
345 170 324 335
346 179 325 326
347 170 325 336
348 165 327 328
349 165 327 329
350 157 328 330
351 172 328 337
352 157 329 331
353 172 329 338
354 179 330 332
355 170 330 339
356 179 331 332
357 170 331 340
358 165 341 342
359 165 341 343
360 375 341 347
361 157 342 344
362 172 342 353
363 157 343 345
364 172 343 354
365 179 344 346
366 170 344 355
367 179 345 346
368 170 345 356
369 165 347 348
370 165 347 349
371 157 348 350
372 172 348 357
373 157 349 351
374 172 349 358
375 179 350 352
376 170 350 359
377 179 351 352
378 170 351 360
379 165 361 362
380 165 361 363
381 375 361 367
382 157 362 364
383 172 362 373
384 157 363 365
385 172 363 374
386 179 364 366
387 170 364 375
388 179 365 366
389 170 365 376
390 165 367 368
391 165 367 369
392 157 368 370
393 172 368 377
394 157 369 371
395 172 369 378
396 179 370 372
397 170 370 379
398 179 371 372
399 170 371 380
400 165 381 382
401 165 381 383
402 375 381 387
403 157 382 384
404 172 382 393
405 157 383 385
406 172 383 394
407 179 384 386
408 170 384 395
409 179 385 386
410 170 385 396
411 165 387 388
412 165 387 389
413 157 388 390
414 172 388 397
415 157 389 391
416 172 389 398
417 179 390 392
418 170 390 399
419 179 391 392
420 170 391 400
421 165 401 402
422 165 401 403
423 375 401 407
424 157 402 404
425 172 402 413
426 157 403 405
427 172 403 414
428 179 404 406
429 170 404 415
430 179 405 406
431 170 405 416
432 165 407 408
433 165 407 409
434 157 408 410
435 172 408 417
436 157 409 411
437 172 409 418
438 179 410 412
439 170 410 419
440 179 411 412
441 170 411 420
442 165 421 422
443 165 421 423
444 375 421 427
445 157 422 424
446 172 422 433
447 157 423 425
448 172 423 434
449 179 424 426
450 170 424 435
451 179 425 426
452 170 425 436
453 165 427 428
454 165 427 429
455 157 428 430
456 172 428 437
457 157 429 431
458 172 429 438
459 179 430 432
460 170 430 439
461 179 431 432
462 170 431 440
463 165 441 442
464 165 441 443
465 375 441 447
466 157 442 444
467 172 442 453
468 157 443 445
469 172 443 454
470 179 444 446
471 170 444 455
472 179 445 446
473 170 445 456
474 165 447 448
475 165 447 449
476 157 448 450
477 172 448 457
478 157 449 451
479 172 449 458
480 179 450 452
481 170 450 459
482 179 451 452
483 170 451 460
484 165 461 462
485 165 461 463
486 375 461 467
487 157 462 464
488 172 462 473
489 157 463 465
490 172 463 474
491 179 464 466
492 170 464 475
493 179 465 466
494 170 465 476
495 165 467 468
496 165 467 469
497 157 468 470
498 172 468 477
499 157 469 471
500 172 469 478
501 179 470 472
502 170 470 479
503 179 471 472
504 170 471 480
505 165 481 482
506 165 481 483
507 375 481 487
508 157 482 484
509 172 482 493
510 157 483 485
511 172 483 494
512 179 484 486
513 170 484 495
514 179 485 486
515 170 485 496
516 165 487 488
517 165 487 489
518 157 488 490
519 172 488 497
520 157 489 491
521 172 489 498
522 179 490 492
523 170 490 499
524 179 491 492
525 170 491 500
526 165 501 502
527 165 501 503
528 375 501 507
529 157 502 504
530 172 502 513
531 157 503 505
532 172 503 514
533 179 504 506
534 170 504 515
535 179 505 506
536 170 505 516
537 165 507 508
538 165 507 509
539 157 508 510
540 172 508 517
541 157 509 511
542 172 509 518
543 179 510 512
544 170 510 519
545 179 511 512
546 170 511 520
547 165 521 522
548 165 521 523
549 375 521 527
550 157 522 524
551 172 522 533
552 157 523 525
553 172 523 534
554 179 524 526
555 170 524 535
556 179 525 526
557 170 525 536
558 165 527 528
559 165 527 529
560 157 528 530
561 172 528 537
562 157 529 531
563 172 529 538
564 179 530 532
565 170 530 539
566 179 531 532
567 170 531 540
568 165 541 542
569 165 541 543
570 375 541 547
571 157 542 544
572 172 542 553
573 157 543 545
574 172 543 554
575 179 544 546
576 170 544 555
577 179 545 546
578 170 545 556
579 165 547 548
580 165 547 549
581 157 548 550
582 172 548 557
583 157 549 551
584 172 549 558
585 179 550 552
586 170 550 559
587 179 551 552
588 170 551 560
589 165 561 562
590 165 561 563
591 375 561 567
592 157 562 564
593 172 562 573
594 157 563 565
595 172 563 574
596 179 564 566
597 170 564 575
598 179 565 566
599 170 565 576
600 165 567 568
601 165 567 569
602 157 568 570
603 172 568 577
604 157 569 571
605 172 569 578
606 179 570 572
607 170 570 579
608 179 571 572
609 170 571 580
610 165 581 582
611 165 581 583
612 375 581 587
613 157 582 584
614 172 582 593
615 157 583 585
616 172 583 594
617 179 584 586
618 170 584 595
619 179 585 586
620 170 585 596
621 165 587 588
622 165 587 589
623 157 588 590
624 172 588 597
625 157 589 591
626 172 589 598
627 179 590 592
628 170 590 599
629 179 591 592
630 170 591 600
631 165 601 602
632 165 601 603
633 375 601 607
634 157 602 604
635 172 602 613
636 157 603 605
637 172 603 614
638 179 604 606
639 170 604 615
640 179 605 606
641 170 605 616
642 165 607 608
643 165 607 609
644 157 608 610
645 172 608 617
646 157 609 611
647 172 609 618
648 179 610 612
649 170 610 619
650 179 611 612
651 170 611 620
652 165 621 622
653 165 621 623
654 375 621 627
655 157 622 624
656 172 622 633
657 157 623 625
658 172 623 634
659 179 624 626
660 170 624 635
661 179 625 626
662 170 625 636
663 165 627 628
664 165 627 629
665 157 628 630
666 172 628 637
667 157 629 631
668 172 629 638
669 179 630 632
670 170 630 639
671 179 631 632
672 170 631 640
673 165 641 642
674 165 641 643
675 375 641 647
676 157 642 644
677 172 642 653
678 157 643 645
679 172 643 654
680 179 644 646
681 170 644 655
682 179 645 646
683 170 645 656
684 165 647 648
685 165 647 649
686 157 648 650
687 172 648 657
688 157 649 651
689 172 649 658
690 179 650 652
691 170 650 659
692 179 651 652
693 170 651 660
694 165 661 662
695 165 661 663
696 375 661 667
697 157 662 664
698 172 662 673
699 157 663 665
700 172 663 674
701 179 664 666
702 170 664 675
703 179 665 666
704 170 665 676
705 165 667 668
706 165 667 669
707 157 668 670
708 172 668 677
709 157 669 671
710 172 669 678
711 179 670 672
712 170 670 679
713 179 671 672
714 170 671 680
715 165 681 682
716 165 681 683
717 375 681 687
718 157 682 684
719 172 682 693
720 157 683 685
721 172 683 694
722 179 684 686
723 170 684 695
724 179 685 686
725 170 685 696
726 165 687 688
727 165 687 689
728 157 688 690
729 172 688 697
730 157 689 691
731 172 689 698
732 179 690 692
733 170 690 699
734 179 691 692
735 170 691 700
736 165 701 702
737 165 701 703
738 375 701 707
739 157 702 704
740 172 702 713
741 157 703 705
742 172 703 714
743 179 704 706
744 170 704 715
745 179 705 706
746 170 705 716
747 165 707 708
748 165 707 709
749 157 708 710
750 172 708 717
751 157 709 711
752 172 709 718
753 179 710 712
754 170 710 719
755 179 711 712
756 170 711 720
757 165 721 722
758 165 721 723
759 375 721 727
760 157 722 724
761 172 722 733
762 157 723 725
763 172 723 734
764 179 724 726
765 170 724 735
766 179 725 726
767 170 725 736
768 165 727 728
769 165 727 729
770 157 728 730
771 172 728 737
772 157 729 731
773 172 729 738
774 179 730 732
775 170 730 739
776 179 731 732
777 170 731 740
778 165 741 742
779 165 741 743
780 375 741 747
781 157 742 744
782 172 742 753
783 157 743 745
784 172 743 754
785 179 744 746
786 170 744 755
787 179 745 746
788 170 745 756
789 165 747 748
790 165 747 749
791 157 748 750
792 172 748 757
793 157 749 751
794 172 749 758
795 179 750 752
796 170 750 759
797 179 751 752
798 170 751 760
799 165 761 762
800 165 761 763
801 375 761 767
802 157 762 764
803 172 762 773
804 157 763 765
805 172 763 774
806 179 764 766
807 170 764 775
808 179 765 766
809 170 765 776
810 165 767 768
811 165 767 769
812 157 768 770
813 172 768 777
814 157 769 771
815 172 769 778
816 179 770 772
817 170 770 779
818 179 771 772
819 170 771 780
820 165 781 782
821 165 781 783
822 375 781 787
823 157 782 784
824 172 782 793
825 157 783 785
826 172 783 794
827 179 784 786
828 170 784 795
829 179 785 786
830 170 785 796
831 165 787 788
832 165 787 789
833 157 788 790
834 172 788 797
835 157 789 791
836 172 789 798
837 179 790 792
838 170 790 799
839 179 791 792
840 170 791 800
841 165 801 802
842 165 801 803
843 375 801 807
844 157 802 804
845 172 802 813
846 157 803 805
847 172 803 814
848 179 804 806
849 170 804 815
850 179 805 806
851 170 805 816
852 165 807 808
853 165 807 809
854 157 808 810
855 172 808 817
856 157 809 811
857 172 809 818
858 179 810 812
859 170 810 819
860 179 811 812
861 170 811 820
862 165 821 822
863 165 821 823
864 375 821 827
865 157 822 824
866 172 822 833
867 157 823 825
868 172 823 834
869 179 824 826
870 170 824 835
871 179 825 826
872 170 825 836
873 165 827 828
874 165 827 829
875 157 828 830
876 172 828 837
877 157 829 831
878 172 829 838
879 179 830 832
880 170 830 839
881 179 831 832
882 170 831 840
883 165 841 842
884 165 841 843
885 375 841 847
886 157 842 844
887 172 842 853
888 157 843 845
889 172 843 854
890 179 844 846
891 170 844 855
892 179 845 846
893 170 845 856
894 165 847 848
895 165 847 849
896 157 848 850
897 172 848 857
898 157 849 851
899 172 849 858
900 179 850 852
901 170 850 859
902 179 851 852
903 170 851 860
904 165 861 862
905 165 861 863
906 375 861 867
907 157 862 864
908 172 862 873
909 157 863 865
910 172 863 874
911 179 864 866
912 170 864 875
913 179 865 866
914 170 865 876
915 165 867 868
916 165 867 869
917 157 868 870
918 172 868 877
919 157 869 871
920 172 869 878
921 179 870 872
922 170 870 879
923 179 871 872
924 170 871 880
925 165 881 882
926 165 881 883
927 375 881 887
928 157 882 884
929 172 882 893
930 157 883 885
931 172 883 894
932 179 884 886
933 170 884 895
934 179 885 886
935 170 885 896
936 165 887 888
937 165 887 889
938 157 888 890
939 172 888 897
940 157 889 891
941 172 889 898
942 179 890 892
943 170 890 899
944 179 891 892
945 170 891 900
946 165 901 902
947 165 901 903
948 375 901 907
949 157 902 904
950 172 902 913
951 157 903 905
952 172 903 914
953 179 904 906
954 170 904 915
955 179 905 906
956 170 905 916
957 165 907 908
958 165 907 909
959 157 908 910
960 172 908 917
961 157 909 911
962 172 909 918
963 179 910 912
964 170 910 919
965 179 911 912
966 170 911 920
967 165 921 922
968 165 921 923
969 375 921 927
970 157 922 924
971 172 922 933
972 157 923 925
973 172 923 934
974 179 924 926
975 170 924 935
976 179 925 926
977 170 925 936
978 165 927 928
979 165 927 929
980 157 928 930
981 172 928 937
982 157 929 931
983 172 929 938
984 179 930 932
985 170 930 939
986 179 931 932
987 170 931 940
988 165 941 942
989 165 941 943
990 375 941 947
991 157 942 944
992 172 942 953
993 157 943 945
994 172 943 954
995 179 944 946
996 170 944 955
997 179 945 946
998 170 945 956
999 165 947 948
1000 165 947 949
1001 157 948 950
1002 172 948 957
1003 157 949 951
1004 172 949 958
1005 179 950 952
1006 170 950 959
1007 179 951 952
1008 170 951 960
1009 165 961 962
1010 165 961 963
1011 375 961 967
1012 157 962 964
1013 172 962 973
1014 157 963 965
1015 172 963 974
1016 179 964 966
1017 170 964 975
1018 179 965 966
1019 170 965 976
1020 165 967 968
1021 165 967 969
1022 157 968 970
1023 172 968 977
1024 157 969 971
1025 172 969 978
1026 179 970 972
1027 170 970 979
1028 179 971 972
1029 170 971 980
1030 165 981 982
1031 165 981 983
1032 375 981 987
1033 157 982 984
1034 172 982 993
1035 157 983 985
1036 172 983 994
1037 179 984 986
1038 170 984 995
1039 179 985 986
1040 170 985 996
1041 165 987 988
1042 165 987 989
1043 157 988 990
1044 172 988 997
1045 157 989 991
1046 172 989 998
1047 179 990 992
1048 170 990 999
1049 179 991 992
1050 170 991 1000
1051 165 1001 1002
1052 165 1001 1003
1053 375 1001 1007
1054 157 1002 1004
1055 172 1002 1013
1056 157 1003 1005
1057 172 1003 1014
1058 179 1004 1006
1059 170 1004 1015
1060 179 1005 1006
1061 170 1005 1016
1062 165 1007 1008
1063 165 1007 1009
1064 157 1008 1010
1065 172 1008 1017
1066 157 1009 1011
1067 172 1009 1018
1068 179 1010 1012
1069 170 1010 1019
1070 179 1011 1012
1071 170 1011 1020
1072 165 1021 1022
1073 165 1021 1023
1074 375 1021 1027
1075 157 1022 1024
1076 172 1022 1033
1077 157 1023 1025
1078 172 1023 1034
1079 179 1024 1026
1080 170 1024 1035
1081 179 1025 1026
1082 170 1025 1036
1083 165 1027 1028
1084 165 1027 1029
1085 157 1028 1030
1086 172 1028 1037
1087 157 1029 1031
1088 172 1029 1038
1089 179 1030 1032
1090 170 1030 1039
1091 179 1031 1032
1092 170 1031 1040
1093 165 1041 1042
1094 165 1041 1043
1095 375 1041 1047
1096 157 1042 1044
1097 172 1042 1053
1098 157 1043 1045
1099 172 1043 1054
1100 179 1044 1046
1101 170 1044 1055
1102 179 1045 1046
1103 170 1045 1056
1104 165 1047 1048
1105 165 1047 1049
1106 157 1048 1050
1107 172 1048 1057
1108 157 1049 1051
1109 172 1049 1058
1110 179 1050 1052
1111 170 1050 1059
1112 179 1051 1052
1113 170 1051 1060
1114 165 1061 1062
1115 165 1061 1063
1116 375 1061 1067
1117 157 1062 1064
1118 172 1062 1073
1119 157 1063 1065
1120 172 1063 1074
1121 179 1064 1066
1122 170 1064 1075
1123 179 1065 1066
1124 170 1065 1076
1125 165 1067 1068
1126 165 1067 1069
1127 157 1068 1070
1128 172 1068 1077
1129 157 1069 1071
1130 172 1069 1078
1131 179 1070 1072
1132 170 1070 1079
1133 179 1071 1072
1134 170 1071 1080
1135 165 1081 1082
1136 165 1081 1083
1137 375 1081 1087
1138 157 1082 1084
1139 172 1082 1093
1140 157 1083 1085
1141 172 1083 1094
1142 179 1084 1086
1143 170 1084 1095
1144 179 1085 1086
1145 170 1085 1096
1146 165 1087 1088
1147 165 1087 1089
1148 157 1088 1090
1149 172 1088 1097
1150 157 1089 1091
1151 172 1089 1098
1152 179 1090 1092
1153 170 1090 1099
1154 179 1091 1092
1155 170 1091 1100
1156 165 1101 1102
1157 165 1101 1103
1158 375 1101 1107
1159 157 1102 1104
1160 172 1102 1113
1161 157 1103 1105
1162 172 1103 1114
1163 179 1104 1106
1164 170 1104 1115
1165 179 1105 1106
1166 170 1105 1116
1167 165 1107 1108
1168 165 1107 1109
1169 157 1108 1110
1170 172 1108 1117
1171 157 1109 1111
1172 172 1109 1118
1173 179 1110 1112
1174 170 1110 1119
1175 179 1111 1112
1176 170 1111 1120
1177 165 1121 1122
1178 165 1121 1123
1179 375 1121 1127
1180 157 1122 1124
1181 172 1122 1133
1182 157 1123 1125
1183 172 1123 1134
1184 179 1124 1126
1185 170 1124 1135
1186 179 1125 1126
1187 170 1125 1136
1188 165 1127 1128
1189 165 1127 1129
1190 157 1128 1130
1191 172 1128 1137
1192 157 1129 1131
1193 172 1129 1138
1194 179 1130 1132
1195 170 1130 1139
1196 179 1131 1132
1197 170 1131 1140
1198 165 1141 1142
1199 165 1141 1143
1200 375 1141 1147
1201 157 1142 1144
1202 172 1142 1153
1203 157 1143 1145
1204 172 1143 1154
1205 179 1144 1146
1206 170 1144 1155
1207 179 1145 1146
1208 170 1145 1156
1209 165 1147 1148
1210 165 1147 1149
1211 157 1148 1150
1212 172 1148 1157
1213 157 1149 1151
1214 172 1149 1158
1215 179 1150 1152
1216 170 1150 1159
1217 179 1151 1152
1218 170 1151 1160
1219 165 1161 1162
1220 165 1161 1163
1221 375 1161 1167
1222 157 1162 1164
1223 172 1162 1173
1224 157 1163 1165
1225 172 1163 1174
1226 179 1164 1166
1227 170 1164 1175
1228 179 1165 1166
1229 170 1165 1176
1230 165 1167 1168
1231 165 1167 1169
1232 157 1168 1170
1233 172 1168 1177
1234 157 1169 1171
1235 172 1169 1178
1236 179 1170 1172
1237 170 1170 1179
1238 179 1171 1172
1239 170 1171 1180
1240 165 1181 1182
1241 165 1181 1183
1242 375 1181 1187
1243 157 1182 1184
1244 172 1182 1193
1245 157 1183 1185
1246 172 1183 1194
1247 179 1184 1186
1248 170 1184 1195
1249 179 1185 1186
1250 170 1185 1196
1251 165 1187 1188
1252 165 1187 1189
1253 157 1188 1190
1254 172 1188 1197
1255 157 1189 1191
1256 172 1189 1198
1257 179 1190 1192
1258 170 1190 1199
1259 179 1191 1192
1260 170 1191 1200
1261 165 1201 1202
1262 165 1201 1203
1263 375 1201 1207
1264 157 1202 1204
1265 172 1202 1213
1266 157 1203 1205
1267 172 1203 1214
1268 179 1204 1206
1269 170 1204 1215
1270 179 1205 1206
1271 170 1205 1216
1272 165 1207 1208
1273 165 1207 1209
1274 157 1208 1210
1275 172 1208 1217
1276 157 1209 1211
1277 172 1209 1218
1278 179 1210 1212
1279 170 1210 1219
1280 179 1211 1212
1281 170 1211 1220
1282 165 1221 1222
1283 165 1221 1223
1284 375 1221 1227
1285 157 1222 1224
1286 172 1222 1233
1287 157 1223 1225
1288 172 1223 1234
1289 179 1224 1226
1290 170 1224 1235
1291 179 1225 1226
1292 170 1225 1236
1293 165 1227 1228
1294 165 1227 1229
1295 157 1228 1230
1296 172 1228 1237
1297 157 1229 1231
1298 172 1229 1238
1299 179 1230 1232
1300 170 1230 1239
1301 179 1231 1232
1302 170 1231 1240
1303 165 1241 1242
1304 165 1241 1243
1305 375 1241 1247
1306 157 1242 1244
1307 172 1242 1253
1308 157 1243 1245
1309 172 1243 1254
1310 179 1244 1246
1311 170 1244 1255
1312 179 1245 1246
1313 170 1245 1256
1314 165 1247 1248
1315 165 1247 1249
1316 157 1248 1250
1317 172 1248 1257
1318 157 1249 1251
1319 172 1249 1258
1320 179 1250 1252
1321 170 1250 1259
1322 179 1251 1252
1323 170 1251 1260
1324 165 1261 1262
1325 165 1261 1263
1326 375 1261 1267
1327 157 1262 1264
1328 172 1262 1273
1329 157 1263 1265
1330 172 1263 1274
1331 179 1264 1266
1332 170 1264 1275
1333 179 1265 1266
1334 170 1265 1276
1335 165 1267 1268
1336 165 1267 1269
1337 157 1268 1270
1338 172 1268 1277
1339 157 1269 1271
1340 172 1269 1278
1341 179 1270 1272
1342 170 1270 1279
1343 179 1271 1272
1344 170 1271 1280
1345 165 1281 1282
1346 165 1281 1283
1347 375 1281 1287
1348 157 1282 1284
1349 172 1282 1293
1350 157 1283 1285
1351 172 1283 1294
1352 179 1284 1286
1353 170 1284 1295
1354 179 1285 1286
1355 170 1285 1296
1356 165 1287 1288
1357 165 1287 1289
1358 157 1288 1290
1359 172 1288 1297
1360 157 1289 1291
1361 172 1289 1298
1362 179 1290 1292
1363 170 1290 1299
1364 179 1291 1292
1365 170 1291 1300
1366 165 1301 1302
1367 165 1301 1303
1368 375 1301 1307
1369 157 1302 1304
1370 172 1302 1313
1371 157 1303 1305
1372 172 1303 1314
1373 179 1304 1306
1374 170 1304 1315
1375 179 1305 1306
1376 170 1305 1316
1377 165 1307 1308
1378 165 1307 1309
1379 157 1308 1310
1380 172 1308 1317
1381 157 1309 1311
1382 172 1309 1318
1383 179 1310 1312
1384 170 1310 1319
1385 179 1311 1312
1386 170 1311 1320
1387 165 1321 1322
1388 165 1321 1323
1389 375 1321 1327
1390 157 1322 1324
1391 172 1322 1333
1392 157 1323 1325
1393 172 1323 1334
1394 179 1324 1326
1395 170 1324 1335
1396 179 1325 1326
1397 170 1325 1336
1398 165 1327 1328
1399 165 1327 1329
1400 157 1328 1330
1401 172 1328 1337
1402 157 1329 1331
1403 172 1329 1338
1404 179 1330 1332
1405 170 1330 1339
1406 179 1331 1332
1407 170 1331 1340
1408 165 1341 1342
1409 165 1341 1343
1410 375 1341 1347
1411 157 1342 1344
1412 172 1342 1353
1413 157 1343 1345
1414 172 1343 1354
1415 179 1344 1346
1416 170 1344 1355
1417 179 1345 1346
1418 170 1345 1356
1419 165 1347 1348
1420 165 1347 1349
1421 157 1348 1350
1422 172 1348 1357
1423 157 1349 1351
1424 172 1349 1358
1425 179 1350 1352
1426 170 1350 1359
1427 179 1351 1352
1428 170 1351 1360
1429 165 1361 1362
1430 165 1361 1363
1431 375 1361 1367
1432 157 1362 1364
1433 172 1362 1373
1434 157 1363 1365
1435 172 1363 1374
1436 179 1364 1366
1437 170 1364 1375
1438 179 1365 1366
1439 170 1365 1376
1440 165 1367 1368
1441 165 1367 1369
1442 157 1368 1370
1443 172 1368 1377
1444 157 1369 1371
1445 172 1369 1378
1446 179 1370 1372
1447 170 1370 1379
1448 179 1371 1372
1449 170 1371 1380
1450 165 1381 1382
1451 165 1381 1383
1452 375 1381 1387
1453 157 1382 1384
1454 172 1382 1393
1455 157 1383 1385
1456 172 1383 1394
1457 179 1384 1386
1458 170 1384 1395
1459 179 1385 1386
1460 170 1385 1396
1461 165 1387 1388
1462 165 1387 1389
1463 157 1388 1390
1464 172 1388 1397
1465 157 1389 1391
1466 172 1389 1398
1467 179 1390 1392
1468 170 1390 1399
1469 179 1391 1392
1470 170 1391 1400
1471 165 1401 1402
1472 165 1401 1403
1473 375 1401 1407
1474 157 1402 1404
1475 172 1402 1413
1476 157 1403 1405
1477 172 1403 1414
1478 179 1404 1406
1479 170 1404 1415
1480 179 1405 1406
1481 170 1405 1416
1482 165 1407 1408
1483 165 1407 1409
1484 157 1408 1410
1485 172 1408 1417
1486 157 1409 1411
1487 172 1409 1418
1488 179 1410 1412
1489 170 1410 1419
1490 179 1411 1412
1491 170 1411 1420
1492 165 1421 1422
1493 165 1421 1423
1494 375 1421 1427
1495 157 1422 1424
1496 172 1422 1433
1497 157 1423 1425
1498 172 1423 1434
1499 179 1424 1426
1500 170 1424 1435
1501 179 1425 1426
1502 170 1425 1436
1503 165 1427 1428
1504 165 1427 1429
1505 157 1428 1430
1506 172 1428 1437
1507 157 1429 1431
1508 172 1429 1438
1509 179 1430 1432
1510 170 1430 1439
1511 179 1431 1432
1512 170 1431 1440
1513 165 1441 1442
1514 165 1441 1443
1515 375 1441 1447
1516 157 1442 1444
1517 172 1442 1453
1518 157 1443 1445
1519 172 1443 1454
1520 179 1444 1446
1521 170 1444 1455
1522 179 1445 1446
1523 170 1445 1456
1524 165 1447 1448
1525 165 1447 1449
1526 157 1448 1450
1527 172 1448 1457
1528 157 1449 1451
1529 172 1449 1458
1530 179 1450 1452
1531 170 1450 1459
1532 179 1451 1452
1533 170 1451 1460
1534 165 1461 1462
1535 165 1461 1463
1536 375 1461 1467
1537 157 1462 1464
1538 172 1462 1473
1539 157 1463 1465
1540 172 1463 1474
1541 179 1464 1466
1542 170 1464 1475
1543 179 1465 1466
1544 170 1465 1476
1545 165 1467 1468
1546 165 1467 1469
1547 157 1468 1470
1548 172 1468 1477
1549 157 1469 1471
1550 172 1469 1478
1551 179 1470 1472
1552 170 1470 1479
1553 179 1471 1472
1554 170 1471 1480
1555 165 1481 1482
1556 165 1481 1483
1557 375 1481 1487
1558 157 1482 1484
1559 172 1482 1493
1560 157 1483 1485
1561 172 1483 1494
1562 179 1484 1486
1563 170 1484 1495
1564 179 1485 1486
1565 170 1485 1496
1566 165 1487 1488
1567 165 1487 1489
1568 157 1488 1490
1569 172 1488 1497
1570 157 1489 1491
1571 172 1489 1498
1572 179 1490 1492
1573 170 1490 1499
1574 179 1491 1492
1575 170 1491 1500
1576 165 1501 1502
1577 165 1501 1503
1578 375 1501 1507
1579 157 1502 1504
1580 172 1502 1513
1581 157 1503 1505
1582 172 1503 1514
1583 179 1504 1506
1584 170 1504 1515
1585 179 1505 1506
1586 170 1505 1516
1587 165 1507 1508
1588 165 1507 1509
1589 157 1508 1510
1590 172 1508 1517
1591 157 1509 1511
1592 172 1509 1518
1593 179 1510 1512
1594 170 1510 1519
1595 179 1511 1512
1596 170 1511 1520
1597 165 1521 1522
1598 165 1521 1523
1599 375 1521 1527
1600 157 1522 1524
1601 172 1522 1533
1602 157 1523 1525
1603 172 1523 1534
1604 179 1524 1526
1605 170 1524 1535
1606 179 1525 1526
1607 170 1525 1536
1608 165 1527 1528
1609 165 1527 1529
1610 157 1528 1530
1611 172 1528 1537
1612 157 1529 1531
1613 172 1529 1538
1614 179 1530 1532
1615 170 1530 1539
1616 179 1531 1532
1617 170 1531 1540
1618 165 1541 1542
1619 165 1541 1543
1620 375 1541 1547
1621 157 1542 1544
1622 172 1542 1553
1623 157 1543 1545
1624 172 1543 1554
1625 179 1544 1546
1626 170 1544 1555
1627 179 1545 1546
1628 170 1545 1556
1629 165 1547 1548
1630 165 1547 1549
1631 157 1548 1550
1632 172 1548 1557
1633 157 1549 1551
1634 172 1549 1558
1635 179 1550 1552
1636 170 1550 1559
1637 179 1551 1552
1638 170 1551 1560
1639 165 1561 1562
1640 165 1561 1563
1641 375 1561 1567
1642 157 1562 1564
1643 172 1562 1573
1644 157 1563 1565
1645 172 1563 1574
1646 179 1564 1566
1647 170 1564 1575
1648 179 1565 1566
1649 170 1565 1576
1650 165 1567 1568
1651 165 1567 1569
1652 157 1568 1570
1653 172 1568 1577
1654 157 1569 1571
1655 172 1569 1578
1656 179 1570 1572
1657 170 1570 1579
1658 179 1571 1572
1659 170 1571 1580
1660 165 1581 1582
1661 165 1581 1583
1662 375 1581 1587
1663 157 1582 1584
1664 172 1582 1593
1665 157 1583 1585
1666 172 1583 1594
1667 179 1584 1586
1668 170 1584 1595
1669 179 1585 1586
1670 170 1585 1596
1671 165 1587 1588
1672 165 1587 1589
1673 157 1588 1590
1674 172 1588 1597
1675 157 1589 1591
1676 172 1589 1598
1677 179 1590 1592
1678 170 1590 1599
1679 179 1591 1592
1680 170 1591 1600
1681 165 1601 1602
1682 165 1601 1603
1683 375 1601 1607
1684 157 1602 1604
1685 172 1602 1613
1686 157 1603 1605
1687 172 1603 1614
1688 179 1604 1606
1689 170 1604 1615
1690 179 1605 1606
1691 170 1605 1616
1692 165 1607 1608
1693 165 1607 1609
1694 157 1608 1610
1695 172 1608 1617
1696 157 1609 1611
1697 172 1609 1618
1698 179 1610 1612
1699 170 1610 1619
1700 179 1611 1612
1701 170 1611 1620
1702 165 1621 1622
1703 165 1621 1623
1704 375 1621 1627
1705 157 1622 1624
1706 172 1622 1633
1707 157 1623 1625
1708 172 1623 1634
1709 179 1624 1626
1710 170 1624 1635
1711 179 1625 1626
1712 170 1625 1636
1713 165 1627 1628
1714 165 1627 1629
1715 157 1628 1630
1716 172 1628 1637
1717 157 1629 1631
1718 172 1629 1638
1719 179 1630 1632
1720 170 1630 1639
1721 179 1631 1632
1722 170 1631 1640
1723 165 1641 1642
1724 165 1641 1643
1725 375 1641 1647
1726 157 1642 1644
1727 172 1642 1653
1728 157 1643 1645
1729 172 1643 1654
1730 179 1644 1646
1731 170 1644 1655
1732 179 1645 1646
1733 170 1645 1656
1734 165 1647 1648
1735 165 1647 1649
1736 157 1648 1650
1737 172 1648 1657
1738 157 1649 1651
1739 172 1649 1658
1740 179 1650 1652
1741 170 1650 1659
1742 179 1651 1652
1743 170 1651 1660
1744 165 1661 1662
1745 165 1661 1663
1746 375 1661 1667
1747 157 1662 1664
1748 172 1662 1673
1749 157 1663 1665
1750 172 1663 1674
1751 179 1664 1666
1752 170 1664 1675
1753 179 1665 1666
1754 170 1665 1676
1755 165 1667 1668
1756 165 1667 1669
1757 157 1668 1670
1758 172 1668 1677
1759 157 1669 1671
1760 172 1669 1678
1761 179 1670 1672
1762 170 1670 1679
1763 179 1671 1672
1764 170 1671 1680
1765 165 1681 1682
1766 165 1681 1683
1767 375 1681 1687
1768 157 1682 1684
1769 172 1682 1693
1770 157 1683 1685
1771 172 1683 1694
1772 179 1684 1686
1773 170 1684 1695
1774 179 1685 1686
1775 170 1685 1696
1776 165 1687 1688
1777 165 1687 1689
1778 157 1688 1690
1779 172 1688 1697
1780 157 1689 1691
1781 172 1689 1698
1782 179 1690 1692
1783 170 1690 1699
1784 179 1691 1692
1785 170 1691 1700
1786 165 1701 1702
1787 165 1701 1703
1788 375 1701 1707
1789 157 1702 1704
1790 172 1702 1713
1791 157 1703 1705
1792 172 1703 1714
1793 179 1704 1706
1794 170 1704 1715
1795 179 1705 1706
1796 170 1705 1716
1797 165 1707 1708
1798 165 1707 1709
1799 157 1708 1710
1800 172 1708 1717
1801 157 1709 1711
1802 172 1709 1718
1803 179 1710 1712
1804 170 1710 1719
1805 179 1711 1712
1806 170 1711 1720
1807 165 1721 1722
1808 165 1721 1723
1809 375 1721 1727
1810 157 1722 1724
1811 172 1722 1733
1812 157 1723 1725
1813 172 1723 1734
1814 179 1724 1726
1815 170 1724 1735
1816 179 1725 1726
1817 170 1725 1736
1818 165 1727 1728
1819 165 1727 1729
1820 157 1728 1730
1821 172 1728 1737
1822 157 1729 1731
1823 172 1729 1738
1824 179 1730 1732
1825 170 1730 1739
1826 179 1731 1732
1827 170 1731 1740
1828 165 1741 1742
1829 165 1741 1743
1830 375 1741 1747
1831 157 1742 1744
1832 172 1742 1753
1833 157 1743 1745
1834 172 1743 1754
1835 179 1744 1746
1836 170 1744 1755
1837 179 1745 1746
1838 170 1745 1756
1839 165 1747 1748
1840 165 1747 1749
1841 157 1748 1750
1842 172 1748 1757
1843 157 1749 1751
1844 172 1749 1758
1845 179 1750 1752
1846 170 1750 1759
1847 179 1751 1752
1848 170 1751 1760
1849 165 1761 1762
1850 165 1761 1763
1851 375 1761 1767
1852 157 1762 1764
1853 172 1762 1773
1854 157 1763 1765
1855 172 1763 1774
1856 179 1764 1766
1857 170 1764 1775
1858 179 1765 1766
1859 170 1765 1776
1860 165 1767 1768
1861 165 1767 1769
1862 157 1768 1770
1863 172 1768 1777
1864 157 1769 1771
1865 172 1769 1778
1866 179 1770 1772
1867 170 1770 1779
1868 179 1771 1772
1869 170 1771 1780
1870 165 1781 1782
1871 165 1781 1783
1872 375 1781 1787
1873 157 1782 1784
1874 172 1782 1793
1875 157 1783 1785
1876 172 1783 1794
1877 179 1784 1786
1878 170 1784 1795
1879 179 1785 1786
1880 170 1785 1796
1881 165 1787 1788
1882 165 1787 1789
1883 157 1788 1790
1884 172 1788 1797
1885 157 1789 1791
1886 172 1789 1798
1887 179 1790 1792
1888 170 1790 1799
1889 179 1791 1792
1890 170 1791 1800
1891 165 1801 1802
1892 165 1801 1803
1893 375 1801 1807
1894 157 1802 1804
1895 172 1802 1813
1896 157 1803 1805
1897 172 1803 1814
1898 179 1804 1806
1899 170 1804 1815
1900 179 1805 1806
1901 170 1805 1816
1902 165 1807 1808
1903 165 1807 1809
1904 157 1808 1810
1905 172 1808 1817
1906 157 1809 1811
1907 172 1809 1818
1908 179 1810 1812
1909 170 1810 1819
1910 179 1811 1812
1911 170 1811 1820
1912 165 1821 1822
1913 165 1821 1823
1914 375 1821 1827
1915 157 1822 1824
1916 172 1822 1833
1917 157 1823 1825
1918 172 1823 1834
1919 179 1824 1826
1920 170 1824 1835
1921 179 1825 1826
1922 170 1825 1836
1923 165 1827 1828
1924 165 1827 1829
1925 157 1828 1830
1926 172 1828 1837
1927 157 1829 1831
1928 172 1829 1838
1929 179 1830 1832
1930 170 1830 1839
1931 179 1831 1832
1932 170 1831 1840
1933 165 1841 1842
1934 165 1841 1843
1935 375 1841 1847
1936 157 1842 1844
1937 172 1842 1853
1938 157 1843 1845
1939 172 1843 1854
1940 179 1844 1846
1941 170 1844 1855
1942 179 1845 1846
1943 170 1845 1856
1944 165 1847 1848
1945 165 1847 1849
1946 157 1848 1850
1947 172 1848 1857
1948 157 1849 1851
1949 172 1849 1858
1950 179 1850 1852
1951 170 1850 1859
1952 179 1851 1852
1953 170 1851 1860
1954 165 1861 1862
1955 165 1861 1863
1956 375 1861 1867
1957 157 1862 1864
1958 172 1862 1873
1959 157 1863 1865
1960 172 1863 1874
1961 179 1864 1866
1962 170 1864 1875
1963 179 1865 1866
1964 170 1865 1876
1965 165 1867 1868
1966 165 1867 1869
1967 157 1868 1870
1968 172 1868 1877
1969 157 1869 1871
1970 172 1869 1878
1971 179 1870 1872
1972 170 1870 1879
1973 179 1871 1872
1974 170 1871 1880
1975 165 1881 1882
1976 165 1881 1883
1977 375 1881 1887
1978 157 1882 1884
1979 172 1882 1893
1980 157 1883 1885
1981 172 1883 1894
1982 179 1884 1886
1983 170 1884 1895
1984 179 1885 1886
1985 170 1885 1896
1986 165 1887 1888
1987 165 1887 1889
1988 157 1888 1890
1989 172 1888 1897
1990 157 1889 1891
1991 172 1889 1898
1992 179 1890 1892
1993 170 1890 1899
1994 179 1891 1892
1995 170 1891 1900
1996 165 1901 1902
1997 165 1901 1903
1998 375 1901 1907
1999 157 1902 1904
2000 172 1902 1913
2001 157 1903 1905
2002 172 1903 1914
2003 179 1904 1906
2004 170 1904 1915
2005 179 1905 1906
2006 170 1905 1916
2007 165 1907 1908
2008 165 1907 1909
2009 157 1908 1910
2010 172 1908 1917
2011 157 1909 1911
2012 172 1909 1918
2013 179 1910 1912
2014 170 1910 1919
2015 179 1911 1912
2016 170 1911 1920
2017 165 1921 1922
2018 165 1921 1923
2019 375 1921 1927
2020 157 1922 1924
2021 172 1922 1933
2022 157 1923 1925
2023 172 1923 1934
2024 179 1924 1926
2025 170 1924 1935
2026 179 1925 1926
2027 170 1925 1936
2028 165 1927 1928
2029 165 1927 1929
2030 157 1928 1930
2031 172 1928 1937
2032 157 1929 1931
2033 172 1929 1938
2034 179 1930 1932
2035 170 1930 1939
2036 179 1931 1932
2037 170 1931 1940
2038 165 1941 1942
2039 165 1941 1943
2040 375 1941 1947
2041 157 1942 1944
2042 172 1942 1953
2043 157 1943 1945
2044 172 1943 1954
2045 179 1944 1946
2046 170 1944 1955
2047 179 1945 1946
2048 170 1945 1956
2049 165 1947 1948
2050 165 1947 1949
2051 157 1948 1950
2052 172 1948 1957
2053 157 1949 1951
2054 172 1949 1958
2055 179 1950 1952
2056 170 1950 1959
2057 179 1951 1952
2058 170 1951 1960
2059 165 1961 1962
2060 165 1961 1963
2061 375 1961 1967
2062 157 1962 1964
2063 172 1962 1973
2064 157 1963 1965
2065 172 1963 1974
2066 179 1964 1966
2067 170 1964 1975
2068 179 1965 1966
2069 170 1965 1976
2070 165 1967 1968
2071 165 1967 1969
2072 157 1968 1970
2073 172 1968 1977
2074 157 1969 1971
2075 172 1969 1978
2076 179 1970 1972
2077 170 1970 1979
2078 179 1971 1972
2079 170 1971 1980
2080 165 1981 1982
2081 165 1981 1983
2082 375 1981 1987
2083 157 1982 1984
2084 172 1982 1993
2085 157 1983 1985
2086 172 1983 1994
2087 179 1984 1986
2088 170 1984 1995
2089 179 1985 1986
2090 170 1985 1996
2091 165 1987 1988
2092 165 1987 1989
2093 157 1988 1990
2094 172 1988 1997
2095 157 1989 1991
2096 172 1989 1998
2097 179 1990 1992
2098 170 1990 1999
2099 179 1991 1992
2100 170 1991 2000
2101 165 2001 2002
2102 165 2001 2003
2103 375 2001 2007
2104 157 2002 2004
2105 172 2002 2013
2106 157 2003 2005
2107 172 2003 2014
2108 179 2004 2006
2109 170 2004 2015
2110 179 2005 2006
2111 170 2005 2016
2112 165 2007 2008
2113 165 2007 2009
2114 157 2008 2010
2115 172 2008 2017
2116 157 2009 2011
2117 172 2009 2018
2118 179 2010 2012
2119 170 2010 2019
2120 179 2011 2012
2121 170 2011 2020
2122 165 2021 2022
2123 165 2021 2023
2124 375 2021 2027
2125 157 2022 2024
2126 172 2022 2033
2127 157 2023 2025
2128 172 2023 2034
2129 179 2024 2026
2130 170 2024 2035
2131 179 2025 2026
2132 170 2025 2036
2133 165 2027 2028
2134 165 2027 2029
2135 157 2028 2030
2136 172 2028 2037
2137 157 2029 2031
2138 172 2029 2038
2139 179 2030 2032
2140 170 2030 2039
2141 179 2031 2032
2142 170 2031 2040
2143 165 2041 2042
2144 165 2041 2043
2145 375 2041 2047
2146 157 2042 2044
2147 172 2042 2053
2148 157 2043 2045
2149 172 2043 2054
2150 179 2044 2046
2151 170 2044 2055
2152 179 2045 2046
2153 170 2045 2056
2154 165 2047 2048
2155 165 2047 2049
2156 157 2048 2050
2157 172 2048 2057
2158 157 2049 2051
2159 172 2049 2058
2160 179 2050 2052
2161 170 2050 2059
2162 179 2051 2052
2163 170 2051 2060
2164 165 2061 2062
2165 165 2061 2063
2166 375 2061 2067
2167 157 2062 2064
2168 172 2062 2073
2169 157 2063 2065
2170 172 2063 2074
2171 179 2064 2066
2172 170 2064 2075
2173 179 2065 2066
2174 170 2065 2076
2175 165 2067 2068
2176 165 2067 2069
2177 157 2068 2070
2178 172 2068 2077
2179 157 2069 2071
2180 172 2069 2078
2181 179 2070 2072
2182 170 2070 2079
2183 179 2071 2072
2184 170 2071 2080
2185 165 2081 2082
2186 165 2081 2083
2187 375 2081 2087
2188 157 2082 2084
2189 172 2082 2093
2190 157 2083 2085
2191 172 2083 2094
2192 179 2084 2086
2193 170 2084 2095
2194 179 2085 2086
2195 170 2085 2096
2196 165 2087 2088
2197 165 2087 2089
2198 157 2088 2090
2199 172 2088 2097
2200 157 2089 2091
2201 172 2089 2098
2202 179 2090 2092
2203 170 2090 2099
2204 179 2091 2092
2205 170 2091 2100
2206 165 2101 2102
2207 165 2101 2103
2208 375 2101 2107
2209 157 2102 2104
2210 172 2102 2113
2211 157 2103 2105
2212 172 2103 2114
2213 179 2104 2106
2214 170 2104 2115
2215 179 2105 2106
2216 170 2105 2116
2217 165 2107 2108
2218 165 2107 2109
2219 157 2108 2110
2220 172 2108 2117
2221 157 2109 2111
2222 172 2109 2118
2223 179 2110 2112
2224 170 2110 2119
2225 179 2111 2112
2226 170 2111 2120
2227 165 2121 2122
2228 165 2121 2123
2229 375 2121 2127
2230 157 2122 2124
2231 172 2122 2133
2232 157 2123 2125
2233 172 2123 2134
2234 179 2124 2126
2235 170 2124 2135
2236 179 2125 2126
2237 170 2125 2136
2238 165 2127 2128
2239 165 2127 2129
2240 157 2128 2130
2241 172 2128 2137
2242 157 2129 2131
2243 172 2129 2138
2244 179 2130 2132
2245 170 2130 2139
2246 179 2131 2132
2247 170 2131 2140
2248 165 2141 2142
2249 165 2141 2143
2250 375 2141 2147
2251 157 2142 2144
2252 172 2142 2153
2253 157 2143 2145
2254 172 2143 2154
2255 179 2144 2146
2256 170 2144 2155
2257 179 2145 2146
2258 170 2145 2156
2259 165 2147 2148
2260 165 2147 2149
2261 157 2148 2150
2262 172 2148 2157
2263 157 2149 2151
2264 172 2149 2158
2265 179 2150 2152
2266 170 2150 2159
2267 179 2151 2152
2268 170 2151 2160
2269 165 2161 2162
2270 165 2161 2163
2271 375 2161 2167
2272 157 2162 2164
2273 172 2162 2173
2274 157 2163 2165
2275 172 2163 2174
2276 179 2164 2166
2277 170 2164 2175
2278 179 2165 2166
2279 170 2165 2176
2280 165 2167 2168
2281 165 2167 2169
2282 157 2168 2170
2283 172 2168 2177
2284 157 2169 2171
2285 172 2169 2178
2286 179 2170 2172
2287 170 2170 2179
2288 179 2171 2172
2289 170 2171 2180
2290 165 2181 2182
2291 165 2181 2183
2292 375 2181 2187
2293 157 2182 2184
2294 172 2182 2193
2295 157 2183 2185
2296 172 2183 2194
2297 179 2184 2186
2298 170 2184 2195
2299 179 2185 2186
2300 170 2185 2196
2301 165 2187 2188
2302 165 2187 2189
2303 157 2188 2190
2304 172 2188 2197
2305 157 2189 2191
2306 172 2189 2198
2307 179 2190 2192
2308 170 2190 2199
2309 179 2191 2192
2310 170 2191 2200
2311 165 2201 2202
2312 165 2201 2203
2313 375 2201 2207
2314 157 2202 2204
2315 172 2202 2213
2316 157 2203 2205
2317 172 2203 2214
2318 179 2204 2206
2319 170 2204 2215
2320 179 2205 2206
2321 170 2205 2216
2322 165 2207 2208
2323 165 2207 2209
2324 157 2208 2210
2325 172 2208 2217
2326 157 2209 2211
2327 172 2209 2218
2328 179 2210 2212
2329 170 2210 2219
2330 179 2211 2212
2331 170 2211 2220
2332 165 2221 2222
2333 165 2221 2223
2334 375 2221 2227
2335 157 2222 2224
2336 172 2222 2233
2337 157 2223 2225
2338 172 2223 2234
2339 179 2224 2226
2340 170 2224 2235
2341 179 2225 2226
2342 170 2225 2236
2343 165 2227 2228
2344 165 2227 2229
2345 157 2228 2230
2346 172 2228 2237
2347 157 2229 2231
2348 172 2229 2238
2349 179 2230 2232
2350 170 2230 2239
2351 179 2231 2232
2352 170 2231 2240
2353 165 2241 2242
2354 165 2241 2243
2355 375 2241 2247
2356 157 2242 2244
2357 172 2242 2253
2358 157 2243 2245
2359 172 2243 2254
2360 179 2244 2246
2361 170 2244 2255
2362 179 2245 2246
2363 170 2245 2256
2364 165 2247 2248
2365 165 2247 2249
2366 157 2248 2250
2367 172 2248 2257
2368 157 2249 2251
2369 172 2249 2258
2370 179 2250 2252
2371 170 2250 2259
2372 179 2251 2252
2373 170 2251 2260
2374 165 2261 2262
2375 165 2261 2263
2376 375 2261 2267
2377 157 2262 2264
2378 172 2262 2273
2379 157 2263 2265
2380 172 2263 2274
2381 179 2264 2266
2382 170 2264 2275
2383 179 2265 2266
2384 170 2265 2276
2385 165 2267 2268
2386 165 2267 2269
2387 157 2268 2270
2388 172 2268 2277
2389 157 2269 2271
2390 172 2269 2278
2391 179 2270 2272
2392 170 2270 2279
2393 179 2271 2272
2394 170 2271 2280
2395 165 2281 2282
2396 165 2281 2283
2397 375 2281 2287
2398 157 2282 2284
2399 172 2282 2293
2400 157 2283 2285
2401 172 2283 2294
2402 179 2284 2286
2403 170 2284 2295
2404 179 2285 2286
2405 170 2285 2296
2406 165 2287 2288
2407 165 2287 2289
2408 157 2288 2290
2409 172 2288 2297
2410 157 2289 2291
2411 172 2289 2298
2412 179 2290 2292
2413 170 2290 2299
2414 179 2291 2292
2415 170 2291 2300
2416 165 2301 2302
2417 165 2301 2303
2418 375 2301 2307
2419 157 2302 2304
2420 172 2302 2313
2421 157 2303 2305
2422 172 2303 2314
2423 179 2304 2306
2424 170 2304 2315
2425 179 2305 2306
2426 170 2305 2316
2427 165 2307 2308
2428 165 2307 2309
2429 157 2308 2310
2430 172 2308 2317
2431 157 2309 2311
2432 172 2309 2318
2433 179 2310 2312
2434 170 2310 2319
2435 179 2311 2312
2436 170 2311 2320
2437 165 2321 2322
2438 165 2321 2323
2439 375 2321 2327
2440 157 2322 2324
2441 172 2322 2333
2442 157 2323 2325
2443 172 2323 2334
2444 179 2324 2326
2445 170 2324 2335
2446 179 2325 2326
2447 170 2325 2336
2448 165 2327 2328
2449 165 2327 2329
2450 157 2328 2330
2451 172 2328 2337
2452 157 2329 2331
2453 172 2329 2338
2454 179 2330 2332
2455 170 2330 2339
2456 179 2331 2332
2457 170 2331 2340
2458 165 2341 2342
2459 165 2341 2343
2460 375 2341 2347
2461 157 2342 2344
2462 172 2342 2353
2463 157 2343 2345
2464 172 2343 2354
2465 179 2344 2346
2466 170 2344 2355
2467 179 2345 2346
2468 170 2345 2356
2469 165 2347 2348
2470 165 2347 2349
2471 157 2348 2350
2472 172 2348 2357
2473 157 2349 2351
2474 172 2349 2358
2475 179 2350 2352
2476 170 2350 2359
2477 179 2351 2352
2478 170 2351 2360
2479 165 2361 2362
2480 165 2361 2363
2481 375 2361 2367
2482 157 2362 2364
2483 172 2362 2373
2484 157 2363 2365
2485 172 2363 2374
2486 179 2364 2366
2487 170 2364 2375
2488 179 2365 2366
2489 170 2365 2376
2490 165 2367 2368
2491 165 2367 2369
2492 157 2368 2370
2493 172 2368 2377
2494 157 2369 2371
2495 172 2369 2378
2496 179 2370 2372
2497 170 2370 2379
2498 179 2371 2372
2499 170 2371 2380
2500 165 2381 2382
2501 165 2381 2383
2502 375 2381 2387
2503 157 2382 2384
2504 172 2382 2393
2505 157 2383 2385
2506 172 2383 2394
2507 179 2384 2386
2508 170 2384 2395
2509 179 2385 2386
2510 170 2385 2396
2511 165 2387 2388
2512 165 2387 2389
2513 157 2388 2390
2514 172 2388 2397
2515 157 2389 2391
2516 172 2389 2398
2517 179 2390 2392
2518 170 2390 2399
2519 179 2391 2392
2520 170 2391 2400
2521 165 2401 2402
2522 165 2401 2403
2523 375 2401 2407
2524 157 2402 2404
2525 172 2402 2413
2526 157 2403 2405
2527 172 2403 2414
2528 179 2404 2406
2529 170 2404 2415
2530 179 2405 2406
2531 170 2405 2416
2532 165 2407 2408
2533 165 2407 2409
2534 157 2408 2410
2535 172 2408 2417
2536 157 2409 2411
2537 172 2409 2418
2538 179 2410 2412
2539 170 2410 2419
2540 179 2411 2412
2541 170 2411 2420
2542 165 2421 2422
2543 165 2421 2423
2544 375 2421 2427
2545 157 2422 2424
2546 172 2422 2433
2547 157 2423 2425
2548 172 2423 2434
2549 179 2424 2426
2550 170 2424 2435
2551 179 2425 2426
2552 170 2425 2436
2553 165 2427 2428
2554 165 2427 2429
2555 157 2428 2430
2556 172 2428 2437
2557 157 2429 2431
2558 172 2429 2438
2559 179 2430 2432
2560 170 2430 2439
2561 179 2431 2432
2562 170 2431 2440
2563 165 2441 2442
2564 165 2441 2443
2565 375 2441 2447
2566 157 2442 2444
2567 172 2442 2453
2568 157 2443 2445
2569 172 2443 2454
2570 179 2444 2446
2571 170 2444 2455
2572 179 2445 2446
2573 170 2445 2456
2574 165 2447 2448
2575 165 2447 2449
2576 157 2448 2450
2577 172 2448 2457
2578 157 2449 2451
2579 172 2449 2458
2580 179 2450 2452
2581 170 2450 2459
2582 179 2451 2452
2583 170 2451 2460
2584 165 2461 2462
2585 165 2461 2463
2586 375 2461 2467
2587 157 2462 2464
2588 172 2462 2473
2589 157 2463 2465
2590 172 2463 2474
2591 179 2464 2466
2592 170 2464 2475
2593 179 2465 2466
2594 170 2465 2476
2595 165 2467 2468
2596 165 2467 2469
2597 157 2468 2470
2598 172 2468 2477
2599 157 2469 2471
2600 172 2469 2478
2601 179 2470 2472
2602 170 2470 2479
2603 179 2471 2472
2604 170 2471 2480
2605 165 2481 2482
2606 165 2481 2483
2607 375 2481 2487
2608 157 2482 2484
2609 172 2482 2493
2610 157 2483 2485
2611 172 2483 2494
2612 179 2484 2486
2613 170 2484 2495
2614 179 2485 2486
2615 170 2485 2496
2616 165 2487 2488
2617 165 2487 2489
2618 157 2488 2490
2619 172 2488 2497
2620 157 2489 2491
2621 172 2489 2498
2622 179 2490 2492
2623 170 2490 2499
2624 179 2491 2492
2625 170 2491 2500
2626 165 2501 2502
2627 165 2501 2503
2628 375 2501 2507
2629 157 2502 2504
2630 172 2502 2513
2631 157 2503 2505
2632 172 2503 2514
2633 179 2504 2506
2634 170 2504 2515
2635 179 2505 2506
2636 170 2505 2516
2637 165 2507 2508
2638 165 2507 2509
2639 157 2508 2510
2640 172 2508 2517
2641 157 2509 2511
2642 172 2509 2518
2643 179 2510 2512
2644 170 2510 2519
2645 179 2511 2512
2646 170 2511 2520
2647 165 2521 2522
2648 165 2521 2523
2649 375 2521 2527
2650 157 2522 2524
2651 172 2522 2533
2652 157 2523 2525
2653 172 2523 2534
2654 179 2524 2526
2655 170 2524 2535
2656 179 2525 2526
2657 170 2525 2536
2658 165 2527 2528
2659 165 2527 2529
2660 157 2528 2530
2661 172 2528 2537
2662 157 2529 2531
2663 172 2529 2538
2664 179 2530 2532
2665 170 2530 2539
2666 179 2531 2532
2667 170 2531 2540
2668 165 2541 2542
2669 165 2541 2543
2670 375 2541 2547
2671 157 2542 2544
2672 172 2542 2553
2673 157 2543 2545
2674 172 2543 2554
2675 179 2544 2546
2676 170 2544 2555
2677 179 2545 2546
2678 170 2545 2556
2679 165 2547 2548
2680 165 2547 2549
2681 157 2548 2550
2682 172 2548 2557
2683 157 2549 2551
2684 172 2549 2558
2685 179 2550 2552
2686 170 2550 2559
2687 179 2551 2552
2688 170 2551 2560
