  43.855   32.927   42.225
  44.440   32.312   43.250
  43.418   32.231   41.178
  44.589   30.991   43.228
  43.565   30.911   41.155
  44.151   30.297   42.181
  43.696   34.334   42.249
  44.351   35.087   41.366
  42.893   34.891   43.152
  44.200   36.406   41.388
  42.743   36.211   43.174
  43.398   36.961   42.291
  44.789   32.875   44.087
  42.949   32.730   40.359
  45.057   30.491   44.046
  43.217   30.345   40.320
  44.992   34.632   40.645
  42.372   34.282   43.856
  44.723   37.017   40.685
  42.101   36.666   43.895
  30.620   31.718   17.119
  31.898   31.803   17.479
  30.014   32.746   16.527
  32.576   32.922   17.247
  30.691   33.865   16.294
  31.969   33.948   16.655
  29.898   30.526   17.366
  28.883   30.536   18.229
  30.238   29.406   16.733
  28.206   29.417   18.460
  29.560   28.287   16.963
  28.547   28.299   17.826
  32.378   30.976   17.954
  28.989   32.673   16.240
  33.602   32.997   17.533
  30.213   34.693   15.820
  28.616   31.438   18.733
  31.052   29.405   16.043
  27.392   29.416   19.151
  29.827   27.384   16.460
  25.979   31.599   14.732
  27.294   31.744   14.589
  25.136   32.410   14.096
  27.771   32.706   13.805
  25.611   33.371   13.311
  26.927   33.515   13.170
  25.472   30.574   15.566
  24.809   30.895   16.676
  25.662   29.299   15.235
  24.332   29.932   17.458
  25.186   28.337   16.017
  24.524   28.660   17.125
  27.966   31.092   15.102
  24.082   32.289   14.213
  28.824   32.829   13.686
  24.942   34.025   12.797
  24.660   31.919   16.935
  26.196   29.050   14.344
  23.800   30.181   18.350
  25.335   27.312   15.758
  29.844    7.973   35.468
  29.807    9.303   35.455
  31.002    7.328   35.344
  30.934    9.994   35.317
  32.130    8.017   35.206
  32.090    9.347   35.193
  28.644    7.238   35.617
  28.209    6.475   34.615
  27.960    7.314   36.756
  27.083    5.785   34.755
  26.834    6.624   36.896
  26.402    5.863   35.894
  28.875    9.815   35.555
  31.027    6.261   35.355
  30.911   11.061   35.305
  33.062    7.507   35.106
  28.762    6.419   33.704
  28.314    7.928   37.555
  26.727    5.172   33.956
  26.280    6.680   37.807
  20.788   38.151   37.384
  20.897   37.522   38.552
  20.819   37.466   36.242
  21.037   36.201   38.580
  20.958   36.145   36.268
  21.067   35.519   37.438
  20.637   39.558   37.355
  21.600   40.314   36.829
  19.535   40.114   37.853
  21.457   41.634   36.801
  19.393   41.434   37.825
  20.356   42.187   37.299
  20.872   38.076   39.464
  20.730   37.976   35.308
  21.126   35.690   39.513
  20.983   35.590   35.357
  22.480   39.861   36.431
  18.768   39.502   38.274
  22.225   42.247   36.382
  18.512   41.888   38.223
  11.454   15.844   40.751
  10.463   16.627   40.332
  11.394   15.260   41.946
   9.406   16.829   41.112
  10.338   15.460   42.726
   9.349   16.243   42.305
  12.579   15.629   39.920
  13.774   16.084   40.296
  12.435   14.974   38.771
  14.830   15.881   39.516
  13.491   14.772   37.990
  14.683   15.227   38.368
  10.516   17.094   39.373
  12.192   14.632   42.277
   8.608   17.456   40.782
  10.283   14.994   43.686
  13.882   16.608   41.219
  11.475   14.613   38.475
  15.790   16.243   39.811
  13.384   14.248   37.067
  42.781   11.218   29.661
  43.429   10.473   30.553
  43.173   11.245   28.389
  44.476    9.748   30.171
  44.218   10.520   28.006
  44.865    9.775   28.899
  41.666   11.990   30.068
  41.733   13.319   30.027
  40.560   11.380   30.488
  40.686   14.043   30.408
  39.513   12.103   30.869
  39.582   13.431   30.827
  43.111   10.456   31.572
  42.649   11.844   27.678
  45.000    9.148   30.881
  44.538   10.535   26.987
  42.623   13.802   29.689
  40.513   10.314   30.519
  40.732   15.109   30.379
  38.622   11.621   31.207
  43.108    1.335    8.243
  41.958    0.867    7.765
  44.107    1.644    7.420
  41.805    0.706    6.454
  43.956    1.484    6.110
  42.806    1.016    5.633
  43.269    1.507    9.639
  44.155    0.762   10.298
  42.535    2.413   10.281
  44.306    0.924   11.607
  42.686    2.575   11.591
  43.572    1.829   12.247
  41.160    0.620    8.429
  45.028    2.020    7.810
  40.886    0.331    6.063
  44.753    1.730    5.444
  44.740    0.038    9.776
  41.827    3.007    9.747
  45.014    0.330   12.143
  42.102    3.299   12.113
   1.917   42.313   41.332
   3.218   42.561   41.453
   1.044   42.858   42.177
   3.652   43.358   42.425
   1.475   43.655   43.148
   2.777   43.901   43.267
   1.456   41.465   40.297
   0.893   40.297   40.603
   1.588   41.841   39.028
   0.460   39.501   39.631
   1.155   41.046   38.056
   0.594   39.880   38.364
   3.914   42.120   40.773
  -0.000   42.656   42.076
   4.694   43.560   42.527
   0.781   44.096   43.829
   0.790   40.001   41.623
   2.040   42.778   38.790
   0.009   38.563   39.868
   1.258   41.340   37.035
  27.332   10.293   43.837
  27.004   11.413   43.198
  28.478   10.210   44.509
  27.826   12.457   43.230
  29.301   11.252   44.543
  28.970   12.371   43.904
  26.456    9.182   43.802
  26.834    8.063   43.187
  25.263    9.265   44.385
  26.012    7.020   43.155
  24.440    8.222   44.354
  24.820    7.105   43.738
  26.084   11.475   42.660
  28.737    9.309   45.020
  27.569   13.359   42.720
  30.221   11.193   45.081
  27.792    8.004   42.722
  24.966   10.165   44.876
  26.307    6.120   42.663
  23.481    8.281   44.819
  30.169   30.427   26.287
  30.117   29.335   27.046
  31.205   30.639   25.478
  31.107   28.449   26.998
  32.194   29.754   25.427
  32.140   28.663   26.188
  29.114   31.369   26.339
  29.345   32.592   26.815
  27.901   31.026   25.911
  28.355   33.476   26.863
  26.911   31.911   25.959
  27.144   33.131   26.435
  29.284   29.170   27.694
  31.241   31.516   24.871
  31.072   27.572   27.604
  33.028   29.917   24.781
  30.319   32.860   27.156
  27.723   30.045   25.531
  28.531   34.458   27.244
  25.936   31.644   25.618
  10.601   34.888    6.990
   9.602   35.073    7.849
  11.785   34.449    7.413
   9.786   34.818    9.141
  11.970   34.191    8.703
  10.969   34.378    9.561
  10.405   35.161    5.615
  11.077   36.155    5.036
   9.551   34.421    4.912
  10.892   36.409    3.746
   9.366   34.675    3.621
  10.039   35.669    3.045
   8.656   35.427    7.504
  12.583   34.302    6.719
   8.989   34.964    9.835
  12.916   33.838    9.050
  11.760   36.743    5.606
   9.015   33.626    5.382
  11.427   37.205    3.275
   8.683   34.087    3.050
  20.558    2.984   18.235
  20.074    2.155   19.157
  21.638    2.653   17.530
  20.672    0.989   19.376
  22.236    1.488   17.746
  21.751    0.661   18.669
  19.920    4.225   18.002
  20.558    5.359   18.288
  18.688    4.250   17.499
  19.959    6.524   18.068
  18.089    5.415   17.279
  18.728    6.546   17.566
  19.208    2.425   19.720
  22.022    3.322   16.791
  20.290    0.319   20.114
  23.102    1.216   17.184
  21.546    5.332   18.691
  18.182    3.338   17.272
  20.464    7.437   18.296
  17.101    5.443   16.876
   3.709   22.875   37.028
   3.423   24.118   37.405
   4.964   22.431   37.056
   4.398   24.925   37.813
   5.939   23.236   37.465
   5.651   24.479   37.841
   2.671   22.016   36.594
   2.644   21.601   35.328
   1.732   21.630   37.454
   1.669   20.795   34.922
   0.757   20.824   37.047
   0.732   20.411   35.783
   2.415   24.469   37.379
   5.188   21.432   36.753
   4.176   25.924   38.116
   6.948   22.887   37.491
   3.400   21.915   34.644
   1.760   21.966   38.467
   1.640   20.459   33.909
   0.000   20.509   37.731
  26.275   42.753   11.354
  26.989   43.731   11.906
  26.433   41.493   11.755
  27.865   43.449   12.865
  27.308   41.209   12.713
  28.020   42.189   13.263
  25.342   43.054   10.334
  25.544   42.596    9.099
  24.270   43.790   10.617
  24.666   42.878    8.142
  23.393   44.072    9.660
  23.597   43.614    8.427
  26.859   44.740   11.580
  25.857   40.711   11.309
  28.441   44.229   13.311
  27.439   40.201   13.040
  26.405   42.006    8.879
  24.115   44.154   11.608
  24.822   42.516    7.150
  22.531   44.662    9.879
   7.505    4.217   28.160
   8.806    4.431   28.336
   7.069    3.530   27.105
   9.679    3.955   27.453
   7.940    3.054   26.223
   9.241    3.269   26.401
   6.576    4.723   29.100
   5.714    5.670   28.733
   6.572    4.249   30.344
   4.842    6.144   29.616
   5.701    4.723   31.227
   4.840    5.668   30.858
   9.150    4.983   29.182
   6.024    3.361   26.969
  10.724    4.123   27.588
   7.598    2.502   25.375
   5.723    6.045   27.734
   7.266    3.491   30.632
   4.149    6.903   29.330
   5.691    4.348   32.226
   3.160   30.874   35.219
   2.666   29.752   34.700
   4.476   31.064   35.289
   3.493   28.814   34.249
   5.303   30.128   34.837
   4.807   29.007   34.319
   2.279   31.872   35.699
   2.254   32.160   36.999
   1.484   32.516   34.847
   1.428   33.098   37.449
   0.658   33.453   35.297
   0.635   33.739   36.596
   1.610   29.604   34.647
   4.866   31.967   35.706
   3.104   27.912   33.832
   6.359   30.274   34.890
   2.894   31.641   37.676
   1.509   32.280   33.807
   1.401   33.334   38.490
   0.017   33.974   34.621
  27.394   39.110   26.221
  27.150   38.404   25.120
  26.917   38.712   27.399
  26.423   37.293   25.195
  26.192   37.602   27.476
  25.948   36.898   26.374
  28.168   40.292   26.140
  27.604   41.470   26.405
  29.453   40.217   25.801
  28.332   42.579   26.330
  30.180   41.327   25.725
  29.615   42.501   25.990
  27.534   38.728   24.178
  27.117   39.282   28.279
  26.223   36.723   24.316
  25.806   37.277   28.417
  26.574   41.522   26.677
  29.899   39.271   25.589
  27.887   43.526   26.540
  31.211   41.275   25.454
   5.823    9.336   13.800
   6.865    8.517   13.927
   6.008   10.637   13.587
   8.100    9.002   13.842
   7.241   11.123   13.500
   8.281   10.303   13.628
   4.509    8.819   13.890
   3.725    9.183   14.904
   4.067    7.974   12.962
   2.491    8.698   14.988
   2.833    7.489   13.046
   2.052    7.854   14.059
   6.711    7.475   14.099
   5.168   11.289   13.485
   8.939    8.352   13.943
   7.397   12.165   13.329
   4.086    9.861   15.645
   4.700    7.686   12.152
   1.857    8.984   15.798
   2.471    6.811   12.305
  15.897    8.446   42.052
  16.721    7.402   42.083
  14.611    8.283   41.748
  16.258    6.186   41.809
  14.146    7.069   41.475
  14.972    6.027   41.506
  16.391    9.740   42.345
  16.410   10.670   41.391
  16.831   10.016   43.570
  16.873   11.884   41.667
  17.294   11.230   43.846
  17.312   12.158   42.892
  17.752    7.538   42.327
  13.954    9.124   41.725
  16.914    5.345   41.831
  13.116    6.931   41.231
  16.056   10.441   40.412
  16.813    9.266   44.329
  16.893   12.635   40.908
  17.648   11.460   44.826
  27.763    1.150   41.948
  28.479    0.580   42.914
  26.516    1.553   42.179
  27.945    0.411   44.119
  25.981    1.386   43.383
  26.699    0.816   44.348
  28.333    1.329   40.664
  27.834    0.665   39.622
  29.360    2.160   40.509
  28.369    0.835   38.418
  29.895    2.330   39.305
  29.395    1.666   38.266
  29.479    0.257   42.723
  25.946    2.010   41.400
  28.514   -0.045   44.899
  24.981    1.707   43.576
  27.010    0.001   39.754
  29.755    2.689   41.348
  27.975    0.306   37.578
  30.719    2.995   39.172
  33.196   22.677   39.027
  34.079   21.849   38.474
  33.537   23.431   40.070
  35.312   21.774   38.966
  34.769   23.358   40.563
  35.650   22.529   40.008
  31.884   22.757   38.503
  30.852   22.352   39.241
  31.692   23.236   37.276
  29.621   22.428   38.749
  30.461   23.312   36.783
  29.432   22.907   37.523
  33.800   21.246   37.638
  32.825   24.094   40.510
  36.025   21.113   38.528
  35.050   23.960   41.398
  31.013   21.969   40.224
  32.523   23.559   36.689
  28.789   22.104   39.334
  30.299   23.695   35.800
  20.972   12.192   18.694
  20.829   11.601   17.510
  21.595   11.566   19.691
  21.310   10.376   17.321
  22.077   10.343   19.504
  21.932    9.754   18.319
  20.460   13.496   18.895
  19.459   13.687   19.753
  20.983   14.520   18.225
  18.979   14.911   19.941
  20.503   15.744   18.413
  19.504   15.933   19.271
  20.328   12.106   16.714
  21.707   12.045   20.639
  21.199    9.896   16.375
  22.578    9.835   20.298
  19.045   12.861   20.286
  21.785   14.360   17.538
  18.177   15.072   20.626
  20.917   16.571   17.880
  30.909   39.437    3.835
  32.033   39.725    4.487
  29.971   40.366    3.662
  32.221   40.949    4.970
  30.158   41.591    4.143
  31.283   41.876    4.795
  30.710   38.134    3.321
  29.740   37.369    3.819
  31.493   37.684    2.343
  29.553   36.146    3.336
  31.305   36.461    1.860
  30.336   35.699    2.359
  32.782   38.976    4.624
  29.072   40.130    3.138
  33.120   41.187    5.495
  29.411   42.341    4.008
  29.116   37.737    4.603
  32.268   38.302    1.949
  28.778   35.527    3.731
  31.929   36.092    1.076
  32.991   24.407   31.980
  32.870   25.174   30.900
  33.896   24.692   32.914
  33.659   26.234   30.751
  34.684   25.751   32.768
  34.562   26.516   31.687
  32.150   23.279   32.138
  32.677   22.056   32.122
  30.840   23.451   32.302
  31.887   20.998   32.270
  30.051   22.393   32.450
  30.579   21.172   32.434
  32.143   24.941   30.153
  33.987   24.073   33.779
  33.568   26.853   29.887
  35.412   25.986   33.513
  33.727   21.926   31.990
  30.425   24.434   32.313
  32.302   20.014   32.258
  28.999   22.522   32.582
  21.789   29.518    4.402
  21.883   28.853    5.551
  21.108   29.006    3.379
  21.293   27.668    5.678
  20.517   27.824    3.505
  20.613   27.160    4.654
  22.417   30.779    4.267
  23.428   30.925    3.412
  21.993   31.809    4.996
  24.016   32.109    3.285
  22.581   32.993    4.870
  23.590   33.136    4.014
  22.431   29.267    6.368
  21.036   29.545    2.460
  21.365   27.129    6.597
  19.969   27.407    2.689
  23.763   30.095    2.831
  21.183   31.685    5.680
  24.827   32.234    2.602
  22.247   33.823    5.450
  39.158   41.661    6.833
  39.210   40.383    6.465
  37.999   42.220    7.175
  38.095   39.658    6.439
  36.885   41.497    7.150
  36.939   40.219    6.782
  40.345   42.432    6.861
  40.490   43.451    6.015
  41.306   42.132    7.731
  41.603   44.175    6.043
  42.419   42.856    7.759
  42.561   43.873    6.913
  40.141   39.939    6.191
  37.964   43.245    7.469
  38.129   38.633    6.145
  35.952   41.938    7.424
  39.715   43.685    5.320
  41.183   41.314    8.406
  41.727   44.993    5.368
  43.195   42.622    8.454
  10.653   28.157    7.410
  11.705   28.700    6.802
  10.755   26.973    8.009
  12.867   28.055    6.793
  11.916   26.327    8.002
  12.967   26.872    7.393
   9.416   28.845    7.419
   8.371   28.331    6.772
   9.307   29.998    8.075
   7.209   28.977    6.783
   8.146   30.643    8.085
   7.103   30.128    7.438
  11.618   29.649    6.322
   9.908   26.543    8.496
  13.715   28.484    6.307
  12.006   25.378    8.481
   8.465   27.406    6.249
  10.149   30.403    8.591
   6.367   28.572    6.266
   8.050   31.568    8.609
  39.180   39.520   10.617
  39.670   38.469    9.964
  38.019   39.433   11.264
  38.995   37.323    9.957
  37.345   38.289   11.259
  37.836   37.239   10.605
  39.899   40.739   10.625
  39.386   41.811   10.023
  41.080   40.804   11.234
  40.060   42.955   10.031
  41.755   41.949   11.242
  41.241   43.018   10.640
  40.600   38.544    9.446
  37.632   40.280   11.787
  39.382   36.476    9.435
  36.414   38.212   11.776
  38.438   41.751    9.537
  41.486   39.941   11.714
  39.656   43.819    9.550
  42.703   42.009   11.728
  11.290   30.741   41.868
  11.719   29.664   41.216
  10.035   30.811   42.307
  10.889   28.649   40.999
   9.203   29.797   42.092
   9.635   28.721   41.438
  12.175   31.821   42.100
  11.947   32.998   41.517
  13.227   31.653   42.897
  12.777   34.011   41.735
  14.057   32.667   43.115
  13.827   33.841   42.532
  12.727   29.614   40.866
   9.696   31.677   42.830
  11.226   27.782   40.476
   8.196   29.845   42.440
  11.101   33.125   40.880
  13.404   30.708   43.360
  12.601   34.957   41.272
  14.904   32.540   43.753
   9.977   36.705   22.319
   8.968   36.444   23.146
  10.805   35.736   21.937
   8.785   35.206   23.595
  10.624   34.498   22.382
   9.614   34.239   23.210
  10.171   38.024   21.842
  11.262   38.700   22.197
   9.261   38.576   21.043
  11.444   39.937   21.748
   9.443   39.813   20.594
  10.534   40.487   20.950
   8.307   37.225   23.451
  11.613   35.951   21.272
   7.978   34.989   24.258
  11.284   33.716   22.079
  11.987   38.251   22.838
   8.389   38.029   20.763
  12.316   40.486   22.029
   8.718   40.264   19.953
  14.384   41.622   13.657
  15.372   41.000   14.295
  14.608   42.770   13.020
  16.592   41.527   14.297
  15.827   43.297   13.020
  16.813   42.673   13.659
  13.085   41.060   13.655
  12.090   41.696   14.272
  12.868   39.902   13.037
  10.871   41.168   14.269
  11.649   39.374   13.034
  10.657   40.011   13.651
  15.186   40.080   14.806
  13.812   43.264   12.509
  17.389   41.033   14.807
  16.014   44.216   12.510
  12.271   42.624   14.766
  13.670   39.398   12.545
  10.068   41.671   14.762
  11.467   38.446   12.540
  23.005    4.613   27.684
  22.779    4.121   26.469
  23.345    5.890   27.844
  22.893    4.910   25.405
  23.458    6.681   26.782
  23.231    6.186   25.568
  22.884    3.772   28.816
  23.962    3.483   29.542
  21.693    3.278   29.145
  23.847    2.694   30.605
  21.578    2.489   30.208
  22.657    2.202   30.932
  22.508    3.095   26.346
  23.525    6.280   28.821
  22.713    4.522   24.427
  23.729    7.706   26.902
  24.914    3.883   29.272
  20.832    3.513   28.559
  24.707    2.457   31.192
  20.626    2.088   30.479
  27.806   24.163   28.097
  28.635   23.165   28.392
  28.016   25.383   28.588
  29.680   23.386   29.183
  29.060   25.606   29.378
  29.887   24.606   29.671
  26.694   23.927   27.254
  25.460   24.034   27.745
  26.890   23.601   25.979
  24.416   23.813   26.953
  25.847   23.380   25.187
  24.615   23.487   25.679
  28.462   22.188   27.996
  27.348   26.180   28.348
  30.349   22.590   29.424
  29.235   26.581   29.775
  25.310   24.296   28.768
  27.882   23.516   25.592
  23.424   23.896   27.339
  25.995   23.117   24.163
  28.691   11.919   11.267
  29.364   11.860   10.121
  27.363   11.821   11.277
  28.707   11.702    8.977
  26.705   11.663   10.134
  27.380   11.604    8.989
  29.392   12.086   12.486
  29.229   13.204   13.192
  30.206   11.125   12.916
  29.887   13.360   14.336
  30.863   11.282   14.059
  30.699   12.399   14.763
  30.429   11.940   10.119
  26.828   11.869   12.200
  29.240   11.654    8.054
  25.640   11.583   10.134
  28.575   13.970   12.841
  30.332   10.232   12.345
  29.762   14.254   14.907
  31.518   10.516   14.411
   8.443   20.640   32.990
   8.124   21.819   33.519
   7.520   19.901   32.378
   6.873   22.262   33.436
   6.270   20.344   32.293
   5.953   21.522   32.823
   9.775   20.169   33.078
  10.043   19.082   33.799
  10.747   20.814   32.438
  11.293   18.639   33.881
  11.997   20.372   32.519
  12.263   19.286   33.241
   8.868   22.407   34.009
   7.782   18.957   31.955
   6.610   23.206   33.858
   5.525   19.757   31.804
   9.259   18.569   34.309
  10.524   21.685   31.862
  11.517   17.769   34.458
  12.782   20.884   32.010
  33.392   30.293   12.048
  32.526   30.891   11.234
  33.799   30.895   13.163
  32.062   32.100   11.537
  33.336   32.102   13.468
  32.470   32.699   12.653
  33.885   29.006   11.725
  35.177   28.846   11.442
  33.054   27.967   11.707
  35.639   27.638   11.140
  33.516   26.759   11.405
  34.807   26.601   11.123
  32.204   30.405   10.340
  34.494   30.410   13.813
  31.367   32.586   10.889
  33.657   32.591   14.361
  35.838   29.684   11.458
  32.020   28.102   11.935
  36.673   27.502   10.911
  32.856   25.920   11.389
  20.925   13.105   31.014
  20.176   12.298   31.760
  21.950   13.764   31.550
  20.452   12.148   33.052
  22.229   13.615   32.840
  21.477   12.807   33.585
  20.631   13.264   29.638
  20.219   14.447   29.184
  20.769   12.231   28.811
  19.943   14.595   27.893
  20.493   12.380   27.520
  20.082   13.562   27.068
  19.354   11.773   31.325
  22.549   14.410   30.946
  19.855   11.503   33.657
  23.049   14.139   33.277
  20.111   15.271   29.853
  21.099   11.286   29.181
  19.612   15.540   27.521
  20.601   11.556   26.849
  16.178   13.059   29.957
  15.730   14.217   29.479
  16.778   12.183   29.153
  15.882   14.503   28.190
  16.932   12.467   27.865
  16.483   13.626   27.389
  16.017   12.756   31.330
  15.224   11.749   31.694
  16.659   13.478   32.245
  15.074   11.464   32.983
  16.508   13.193   33.534
  15.716   12.187   33.895
  15.249   14.916   30.128
  17.137   11.255   29.542
  15.525   15.430   27.800
  17.413   11.771   27.214
  14.713   11.174   30.955
  17.292   14.284   31.946
  14.439   10.659   33.283
  17.019   13.768   34.274
  15.541   40.915    7.965
  15.412   42.022    8.692
  14.737   40.688    6.928
  14.471   42.909    8.381
  13.798   41.574    6.616
  13.670   42.680    7.344
  16.543   39.971    8.296
  16.192   38.759    8.724
  17.827   40.302    8.176
  17.133   37.874    9.033
  18.767   39.417    8.486
  18.414   38.207    8.913
  16.059   42.199    9.522
  14.846   39.799    6.348
  14.361   43.799    8.960
  13.150   41.400    5.786
  15.161   38.501    8.817
  18.101   41.275    7.833
  16.860   36.901    9.378
  19.799   39.674    8.392
  39.028    2.929   43.860
  38.163    2.146   43.220
  38.609    4.024   44.491
  36.871    2.458   43.211
  37.318    4.337   44.484
  36.455    3.552   43.844
  40.403    2.596   43.870
  41.279    3.390   43.254
  40.811    1.494   44.494
  42.570    3.077   43.264
  42.102    1.181   44.504
  42.974    1.975   43.889
  38.505    1.269   42.715
  39.307    4.649   45.004
  36.172    1.834   42.700
  36.974    5.213   44.989
  40.945    4.272   42.756
  40.104    0.862   44.985
  43.278    3.707   42.773
  42.436    0.299   45.003
  13.531   33.030   29.298
  12.567   33.685   29.941
  13.230   32.111   28.383
  11.293   33.421   29.667
  11.957   31.847   28.107
  10.995   32.503   28.751
  14.887   33.312   29.590
  15.649   32.376   30.154
  15.389   34.509   29.298
  16.921   32.641   30.427
  16.662   34.774   29.571
  17.421   33.838   30.134
  12.814   34.420   30.675
  14.007   31.589   27.870
  10.515   33.942   30.178
  11.708   31.112   27.373
  15.239   31.418   30.386
  14.773   35.254   28.846
  17.538   31.897   30.880
  17.072   35.732   29.340
  35.266   21.619   17.707
  35.819   20.565   17.113
  36.028   22.582   18.223
  37.143   20.472   17.032
  37.351   22.491   18.142
  37.902   21.436   17.547
  33.857   21.718   17.793
  33.262   21.669   18.984
  33.137   21.861   16.682
  31.940   21.762   19.063
  31.814   21.954   16.761
  31.223   21.905   17.952
  35.203   19.796   16.702
  35.579   23.426   18.698
  37.593   19.629   16.556
  37.968   23.259   18.552
  33.846   21.554   19.870
  33.620   21.899   15.731
  31.456   21.722   20.014
  31.230   22.069   15.876
  21.171   13.820    9.583
  20.476   14.950    9.476
  21.826   13.533   10.706
  20.436   15.799   10.498
  21.786   14.380   11.729
  21.091   15.509   11.619
  21.214   12.916    8.494
  22.367   12.694    7.866
  20.101   12.296    8.109
  22.406   11.845    6.845
  20.140   11.447    7.088
  21.294   11.226    6.462
  19.954   15.176    8.573
  22.382   12.624   10.786
  19.881   16.707   10.419
  22.308   14.156   12.632
  23.254   13.195    8.180
  19.180   12.478    8.617
  23.326   11.663    6.335
  19.253   10.945    6.773
  19.636   28.110   20.033
  20.879   28.054   19.561
  19.338   27.578   21.216
  21.831   27.464   20.276
  20.288   26.988   21.933
  21.531   26.934   21.459
  18.623   28.739   19.270
  17.615   28.014   18.787
  18.686   30.049   19.044
  16.664   28.606   18.072
  17.735   30.640   18.329
  16.729   29.915   17.847
  21.113   28.481   18.611
  18.339   27.626   21.590
  22.830   27.415   19.904
  20.057   26.561   22.883
  17.571   26.965   18.973
  19.497   30.623   19.434
  15.854   28.032   17.680
  17.778   31.690   18.143
  31.420    2.335    8.090
  32.184    1.423    8.685
  31.941    3.488    7.674
  33.479    1.665    8.868
  33.234    3.730    7.855
  33.997    2.817    8.451
  30.041    2.077    7.895
  29.135    2.816    8.535
  29.662    1.100    7.075
  27.842    2.574    8.351
  28.369    0.858    6.892
  27.466    1.597    7.531
  31.761    0.501    9.017
  31.323    4.215    7.196
  34.098    0.938    9.345
  33.659    4.652    7.524
  29.447    3.597    9.190
  30.394    0.512    6.566
  27.110    3.160    8.861
  28.057    0.076    6.236
  30.044   26.333   23.392
  30.844   27.142   22.701
  30.552   25.341   24.121
  32.160   26.959   22.739
  31.867   25.158   24.160
  32.665   25.968   23.469
  28.643   26.529   23.351
  27.864   25.605   22.792
  28.116   27.634   23.873
  26.548   25.789   22.755
  26.801   27.818   23.836
  26.025   26.894   23.277
  30.432   27.936   22.118
  29.905   24.696   24.673
  32.808   27.604   22.188
  32.281   24.365   24.743
  28.293   24.721   22.376
  28.747   28.371   24.320
  25.917   25.053   22.307
  26.371   28.702   24.252
  14.771   13.850   23.879
  14.434   14.055   25.150
  14.460   14.745   22.944
  13.782   15.163   25.489
  13.809   15.853   23.281
  13.473   16.056   24.553
  15.466   12.671   23.519
  14.877   11.771   22.733
  16.703   12.471   23.967
  15.530   10.665   22.394
  17.357   11.365   23.629
  16.766   10.468   22.844
  14.685   13.334   25.896
  14.733   14.575   21.926
  13.508   15.334   26.506
  13.556   16.575   22.537
  13.885   11.938   22.377
  17.170   13.196   24.597
  15.064    9.939   21.765
  18.349   11.198   23.985
  11.039   16.934   12.915
  10.275   16.145   12.164
  10.500   17.931   13.613
   8.963   16.354   12.109
   9.189   18.141   13.561
   8.428   17.351   12.808
  12.436   16.711   12.973
  13.271   17.622   12.478
  12.902   15.592   13.523
  14.581   17.413   12.533
  14.213   15.382   13.579
  15.045   16.295   13.083
  10.713   15.347   11.605
  11.118   18.561   14.215
   8.345   15.725   11.508
   8.750   18.938   14.118
  12.890   18.517   12.038
  12.228   14.866   13.918
  15.257   18.138   12.137
  14.595   14.488   14.018
  40.212    6.573    7.822
  39.282    7.064    8.637
  39.963    5.492    7.086
  38.095    6.471    8.719
  38.777    4.898    7.165
  37.849    5.391    7.982
  41.475    7.205    7.735
  42.565    6.563    8.155
  41.565    8.435    7.234
  43.750    7.157    8.073
  42.750    9.028    7.152
  43.837    8.385    7.573
  39.488    7.931    9.226
  40.712    5.102    6.433
  37.345    6.859    9.371
  38.570    4.031    6.578
  42.486    5.578    8.556
  40.688    8.943    6.900
  44.628    6.649    8.409
  42.830   10.015    6.752
  38.732   35.678   22.742
  39.710   35.806   23.635
  38.795   36.312   21.573
  40.759   36.574   23.358
  39.844   37.079   21.294
  40.821   37.206   22.189
  37.614   34.860   23.037
  36.410   35.413   23.173
  37.777   33.547   23.174
  35.362   34.645   23.449
  36.728   32.779   23.450
  35.526   33.333   23.586
  39.653   35.296   24.571
  38.008   36.205   20.860
  41.547   36.682   24.070
  39.903   37.590   20.359
  36.287   36.467   23.062
  38.744   33.110   23.063
  34.394   35.081   23.562
  36.850   31.724   23.561
   6.605   30.585   39.024
   7.651   29.830   39.354
   5.754   30.186   38.081
   7.847   28.669   38.737
   5.949   29.025   37.465
   6.995   28.272   37.796
   6.396   31.821   39.680
   6.492   32.958   38.993
   6.105   31.837   40.979
   6.295   34.118   39.610
   5.908   32.997   41.596
   6.004   34.131   40.907
   8.331   30.156   40.110
   4.917   30.795   37.820
   8.684   28.059   38.997
   5.270   28.698   36.708
   6.725   32.938   37.952
   6.031   30.922   41.524
   6.370   35.033   39.066
   5.675   33.018   42.637
  20.593    9.281   40.562
  21.642   10.062   40.317
  19.467    9.424   39.867
  21.565   10.994   39.372
  19.388   10.353   38.921
  20.438   11.134   38.679
  20.676    8.289   41.568
  19.916    8.389   42.658
  21.512    7.264   41.417
  19.994    7.457   43.601
  21.589    6.332   42.361
  20.829    6.435   43.448
  22.543    9.944   40.878
  18.628    8.793   40.067
  22.402   11.624   39.171
  18.489   10.474   38.359
  19.248    9.213   42.772
  22.118    7.190   40.542
  19.389    7.531   44.478
  22.257    5.507   42.247
  36.080   42.303   16.536
  34.751   42.242   16.500
  36.788   42.297   15.408
  34.125   42.175   15.329
  36.164   42.231   14.238
  34.835   42.171   14.204
  36.745   42.374   17.783
  37.522   41.365   18.175
  36.591   43.449   18.552
  38.147   41.433   19.345
  37.216   43.517   19.722
  37.991   42.508   20.112
  34.188   42.246   17.407
  37.854   42.346   15.444
  33.060   42.126   15.292
  36.725   42.227   13.329
  37.641   40.507   17.553
  35.967   44.254   18.232
  38.770   40.628   19.667
  37.097   44.376   20.345
  14.707   40.296   30.519
  15.832   39.811   29.999
  14.161   39.732   31.594
  16.416   38.755   30.557
  14.743   38.677   32.154
  15.868   38.194   31.632
  14.086   41.421   29.925
  12.890   41.289   29.354
  14.703   42.600   29.943
  12.308   42.346   28.797
  14.120   43.657   29.386
  12.925   43.523   28.816
  16.265   40.267   29.137
  13.258   40.125   32.008
  17.318   38.361   30.145
  14.312   38.220   33.016
  12.402   40.341   29.343
  15.661   42.699   30.402
  11.349   42.248   28.336
  14.608   44.606   29.396
  38.794   41.133   35.459
  38.057   41.450   36.520
  38.239   40.544   34.401
  36.756   41.176   36.526
  36.939   40.271   34.405
  36.204   40.589   35.467
  40.179   41.424   35.453
  41.063   40.428   35.437
  40.586   42.691   35.464
  42.363   40.702   35.431
  41.886   42.965   35.458
  42.767   41.968   35.442
  38.507   41.921   37.366
  38.835   40.292   33.552
  36.158   41.428   37.373
  36.487   39.800   33.560
  40.729   39.414   35.428
  39.873   43.485   35.477
  43.077   39.909   35.419
  42.221   43.979   35.467
  13.367   12.843    1.126
  12.594   13.719    0.490
  14.461   13.248    1.767
  12.915   15.009    0.494
  14.784   14.537    1.774
  14.009   15.411    1.137
  13.024   11.470    1.121
  13.814   10.594    0.502
  11.915   11.065    1.735
  13.492    9.306    0.498
  11.593    9.777    1.732
  12.384    8.904    1.113
  11.718   13.389   -0.024
  15.078   12.541    2.277
  12.300   15.717   -0.014
  15.659   14.869    2.287
  14.702   10.926    0.012
  11.286   11.772    2.229
  14.120    8.598    0.004
  10.705    9.444    2.222
  10.530   40.947   33.593
   9.545   41.484   34.309
  10.734   39.632   33.603
   8.758   40.700   35.040
   9.948   38.847   34.332
   8.964   39.386   35.047
  11.367   41.782   32.814
  12.657   41.898   33.126
  10.859   42.442   31.777
  13.442   42.681   32.395
  11.644   43.225   31.045
  12.932   43.340   31.359
   9.386   42.539   34.298
  11.526   39.207   33.026
   7.966   41.124   35.616
  10.105   37.791   34.344
  13.058   41.366   33.959
   9.824   42.345   31.532
  14.477   42.780   32.639
  11.244   43.758   30.211
  22.603   20.193   33.430
  23.700   19.520   33.766
  22.561   21.519   33.546
  24.763   20.175   34.222
  23.623   22.175   34.000
  24.719   21.500   34.336
  21.472   19.495   32.944
  20.347   19.482   33.658
  21.541   18.857   31.778
  19.286   18.827   33.201
  20.479   18.202   31.321
  19.357   18.191   32.036
  23.728   18.457   33.672
  21.678   22.054   33.274
  25.647   19.641   34.494
  23.597   23.238   34.095
  20.299   19.996   34.592
  22.445   18.871   31.211
  18.381   18.812   33.768
  20.527   17.689   30.387
  15.828    9.299   19.292
  16.821    8.420   19.402
  15.942   10.517   19.818
  17.935    8.759   20.043
  17.056   10.858   20.457
  18.047    9.977   20.566
  14.642    8.937   18.610
  13.495    8.848   19.282
  14.682    8.691   17.302
  12.382    8.509   18.641
  13.569    8.352   16.661
  12.425    8.263   17.335
  16.724    7.444   18.980
  15.143   11.219   19.725
  18.735    8.059   20.135
  17.155   11.833   20.880
  13.471    9.047   20.329
  15.604    8.764   16.770
  11.460    8.434   19.173
  13.593    8.152   15.613
   3.088   13.141   20.399
   3.511   13.944   21.372
   3.161   11.819   20.534
   4.011   13.422   22.488
   3.660   11.295   21.649
   4.082   12.100   22.620
   2.555   13.698   19.212
   3.199   13.530   18.058
   1.415   14.382   19.258
   2.698   14.052   16.943
   0.914   14.904   18.144
   1.559   14.735   16.992
   3.451   15.004   21.259
   2.820   11.179   19.750
   4.353   14.060   23.272
   3.721   10.236   21.764
   4.113   12.979   18.028
   0.904   14.513   20.186
   3.209   13.922   16.015
   0.000   15.455   18.172
  35.014   24.820   43.858
  35.537   25.861   43.215
  35.799   23.954   44.495
  36.855   26.038   43.208
  37.116   24.129   44.489
  37.637   25.171   43.845
  33.611   24.633   43.866
  33.083   23.574   43.254
  32.831   25.516   44.485
  31.766   23.398   43.262
  31.514   25.340   44.494
  30.990   24.282   43.882
  34.903   26.552   42.706
  35.374   23.121   45.009
  37.282   26.870   42.694
  37.752   23.439   44.998
  33.715   22.870   42.759
  33.261   26.362   44.974
  31.336   22.553   42.773
  30.882   26.043   44.988
  25.000    9.629   34.509
  25.772    9.361   35.559
  24.775   10.888   34.138
  26.324   10.358   36.244
  25.327   11.885   34.821
  26.098   11.615   35.871
  24.413    8.567   33.780
  23.089    8.420   33.778
  25.189    7.725   33.101
  22.539    7.424   33.093
  24.639    6.729   32.416
  23.316    6.584   32.416
  25.949    8.350   35.852
  24.155   11.097   33.295
  26.944   10.151   37.087
  25.151   12.897   34.529
  22.473    9.099   34.324
  26.249    7.848   33.107
  21.479    7.299   33.088
  25.254    6.049   31.870
  34.420   40.147    1.144
  34.294   41.348    1.702
  33.384   39.570    0.539
  33.124   41.978    1.656
  32.214   40.198    0.491
  32.090   41.399    1.050
  35.666   39.477    1.193
  35.781   38.346    1.888
  36.712   39.982    0.544
  36.950   37.718    1.933
  37.882   39.354    0.589
  37.994   38.224    1.284
  35.128   41.806    2.186
  33.491   38.606    0.092
  33.015   42.941    2.101
  31.379   39.742    0.007
  34.938   37.947    2.406
  36.614   40.889   -0.011
  37.050   36.812    2.489
  38.726   39.752    0.071
   9.770   11.437   26.575
  10.793   12.263   26.370
   9.271   11.270   27.798
  11.322   12.927   27.393
   9.798   11.934   28.822
  10.821   12.759   28.614
   9.208   10.731   25.485
   9.307    9.403   25.438
   8.584   11.399   24.518
   8.778    8.741   24.415
   8.055   10.736   23.495
   8.155    9.410   23.450
  11.190   12.392   25.387
   8.450   10.607   27.958
  12.142   13.590   27.235
   9.403   11.806   29.805
   9.809    8.874   26.217
   8.508   12.462   24.563
   8.854    7.677   24.369
   7.553   11.265   22.716
  40.778   25.351   32.954
  41.847   25.326   32.163
  40.912   25.261   34.276
  43.060   25.210   32.696
  42.123   25.147   34.810
  43.191   25.122   34.016
  39.487   25.474   32.386
  38.621   24.467   32.492
  39.149   26.594   31.753
  37.409   24.584   31.959
  37.938   26.711   31.220
  37.074   25.704   31.327
  41.734   25.397   31.104
  40.050   25.282   34.906
  43.922   25.190   32.067
  42.238   25.075   35.868
  38.898   23.572   33.001
  39.848   27.397   31.672
  36.710   23.781   32.039
  37.659   27.606   30.711
  14.400   16.014    3.666
  15.169   16.884    3.015
  14.945   15.016    4.359
  16.491   16.756    3.056
  16.267   14.887    4.402
  17.033   15.758    3.750
  12.992   16.152    3.622
  12.257   15.218    3.020
  12.415   17.211    4.184
  10.935   15.347    2.980
  11.093   17.340    4.144
  10.361   16.407    3.542
  14.727   17.682    2.460
  14.323   14.322    4.880
  17.114   17.449    2.536
  16.711   14.090    4.956
  12.726   14.371    2.573
  13.010   17.956    4.664
  10.339   14.604    2.499
  10.623   18.187    4.591
  23.302   13.144   43.896
  22.842   14.219   43.261
  24.468   13.186   44.538
  23.551   15.344   43.268
  25.177   14.309   44.547
  24.715   15.383   43.912
  22.547   11.947   43.888
  23.025   10.869   43.268
  21.367   11.909   44.502
  22.316    9.746   43.262
  20.658   10.785   44.496
  21.137    9.710   43.876
  21.907   14.180   42.746
  24.832   12.320   45.047
  23.188   16.210   42.761
  26.112   14.351   45.061
  23.972   10.908   42.779
  20.990   12.776   44.996
  22.692    8.878   42.767
  19.710   10.746   44.985
  24.395   29.774   30.603
  25.569   30.265   30.993
  24.306   29.031   29.502
  26.661   30.011   30.279
  25.396   28.775   28.788
  26.568   29.267   29.180
  23.233   30.044   31.365
  22.258   30.786   30.840
  23.124   29.555   32.597
  21.167   31.038   31.555
  22.033   29.807   33.312
  21.061   30.548   32.787
  25.635   30.862   31.876
  23.361   28.639   29.194
  27.606   30.402   30.585
  25.332   28.179   27.904
  22.353   31.175   29.852
  23.909   28.962   33.011
  20.382   31.632   31.143
  21.938   29.419   34.302
  11.120    4.545    9.072
  10.758    3.405    8.489
  10.565    4.921   10.223
   9.836    2.635    9.059
   9.645    4.153   10.794
   9.285    3.013   10.209
  12.102    5.364    8.465
  11.765    6.568    8.007
  13.353    4.923    8.358
  12.688    7.337    7.438
  14.275    5.691    7.789
  13.937    6.895    7.332
  11.206    3.108    7.566
  10.860    5.837   10.687
   9.542    1.719    8.597
   9.196    4.448   11.717
  10.760    6.915    8.097
  13.616    3.957    8.727
  12.425    8.303    7.068
  15.281    5.346    7.699
  21.518   24.081   37.973
  21.633   23.769   39.261
  22.142   23.361   37.043
  22.377   22.729   39.624
  22.885   22.320   37.404
  22.999   22.010   38.693
  20.725   25.189   37.587
  21.303   26.251   37.028
  19.409   25.159   37.784
  20.558   27.290   36.666
  18.664   26.197   37.422
  19.244   27.257   36.864
  21.131   24.351   40.002
  22.045   23.616   36.011
  22.474   22.472   40.655
  23.388   21.737   36.665
  22.358   26.268   36.873
  18.953   24.304   38.233
  21.014   28.146   36.219
  17.608   26.181   37.577
  41.840   29.683    1.791
  43.035   30.192    2.080
  40.917   30.427    1.185
  43.310   31.453    1.760
  41.190   31.686    0.864
  42.386   32.193    1.154
  41.548   28.340    2.131
  40.614   28.079    3.045
  42.207   27.351    1.534
  40.340   26.819    3.363
  41.933   26.090    1.852
  41.000   25.832    2.765
  43.771   29.591    2.567
  39.960   30.013    0.955
  44.266   31.867    1.989
  40.456   32.289    0.378
  40.089   28.878    3.519
  42.954   27.567    0.803
  39.594   26.601    4.095
  42.458   25.291    1.378
  16.566    5.274    1.143
  15.402    5.314    1.786
  16.952    4.169    0.508
  14.617    4.241    1.795
  16.168    3.097    0.516
  15.004    3.138    1.160
  17.402    6.417    1.133
  18.585    6.375    1.745
  17.000    7.523    0.511
  19.368    7.447    1.734
  17.784    8.595    0.500
  18.964    8.551    1.113
  15.098    6.202    2.293
  17.887    4.143   -0.006
  13.682    4.265    2.309
  16.469    2.207    0.009
  18.901    5.485    2.241
  16.051    7.549    0.023
  20.317    7.422    2.223
  17.468    9.486    0.004
  35.979   42.251   25.430
  34.701   42.599   25.300
  36.869   42.586   24.499
  34.309   43.285   24.231
  36.480   43.272   23.430
  35.202   43.618   23.301
  36.395   41.521   26.569
  36.841   40.274   26.427
  36.338   42.087   27.773
  37.232   39.590   27.496
  36.729   41.402   28.842
  37.174   40.157   28.697
  33.991   42.328   26.049
  37.893   42.305   24.609
  33.286   43.567   24.119
  37.188   43.544   22.679
  36.884   39.827   25.459
  35.979   43.086   27.880
  37.590   38.589   27.390
  36.686   41.849   29.810
  14.580   19.341   18.492
  15.327   20.221   19.154
  13.469   19.730   17.870
  14.963   21.499   19.195
  13.104   21.007   17.908
  13.853   21.885   18.571
  14.969   17.981   18.450
  14.211   17.059   19.042
  16.087   17.634   17.817
  14.576   15.782   19.001
  16.452   16.358   17.776
  15.694   15.439   18.368
  16.216   19.903   19.653
  12.874   19.020   17.340
  15.557   22.210   19.724
  12.215   21.327   17.411
  13.316   17.344   19.547
  16.690   18.378   17.345
  13.975   15.038   19.474
  17.348   16.072   17.271
  21.610   19.421   21.125
  20.696   20.044   20.385
  22.459   20.117   21.878
  20.628   21.371   20.399
  22.392   21.444   21.893
  21.477   22.064   21.153
  21.681   18.008   21.110
  22.757   17.406   20.605
  20.673   17.292   21.603
  22.823   16.079   20.592
  20.739   15.965   21.590
  21.815   15.366   21.085
  20.018   19.481   19.782
  23.191   19.612   22.470
  19.897   21.877   19.808
  23.069   22.009   22.495
  23.561   17.986   20.212
  19.814   17.780   22.006
  23.681   15.590   20.188
  19.935   15.384   21.983
  16.602   35.465   24.181
  16.902   34.466   23.354
  15.425   36.082   24.098
  16.019   34.081   22.438
  14.541   35.697   23.184
  14.843   34.698   22.358
  17.543   35.875   25.156
  18.087   37.088   25.079
  17.874   35.045   26.143
  18.969   37.472   25.996
  18.756   35.429   27.059
  19.298   36.641   26.980
  17.847   33.976   23.424
  15.190   36.882   24.765
  16.252   33.281   21.771
  13.595   36.186   23.112
  17.817   37.748   24.286
  17.434   34.074   26.198
  19.411   38.443   25.940
  19.027   34.769   27.853
  38.569   17.408   22.052
  38.251   16.163   21.706
  38.150   18.440   21.322
  37.510   15.946   20.624
  37.409   18.225   20.240
  37.092   16.979   19.897
  39.357   17.638   23.204
  40.579   18.153   23.076
  38.871   17.338   24.406
  41.319   18.369   24.158
  39.611   17.554   25.489
  40.831   18.069   25.358
  38.590   15.339   22.295
  38.408   19.437   21.604
  37.252   14.950   20.341
  37.069   19.048   19.650
  40.962   18.390   22.109
  37.891   16.926   24.502
  42.299   18.780   24.063
  39.228   17.317   26.456
  20.005    1.597   26.815
  19.502    2.731   26.333
  19.344    0.904   27.740
  18.331    3.176   26.778
  18.173    1.347   28.185
  17.673    2.481   27.702
  21.251    1.123   26.340
  22.294    1.068   27.167
  21.370    0.736   25.073
  23.464    0.623   26.721
  22.540    0.291   24.627
  23.580    0.237   25.454
  20.037    3.283   25.592
  19.751   -0.006   28.123
  17.923    4.085   26.396
  17.637    0.796   28.926
  22.191    1.380   28.182
  20.530    0.783   24.415
  24.305    0.577   27.377
  22.643   -0.021   23.611
  26.148   12.978   20.185
  26.305   11.840   19.513
  25.150   13.118   21.055
  25.458   10.835   19.711
  24.303   12.114   21.254
  24.462   10.977   20.581
  27.051   14.048   19.974
  26.615   15.180   19.422
  28.326   13.915   20.330
  27.462   16.184   19.226
  29.174   14.919   20.133
  28.736   16.048   19.582
  27.107   11.734   18.816
  25.029   14.033   21.591
  25.577    9.920   19.175
  23.501   12.218   21.950
  25.591   15.279   19.140
  28.669   13.005   20.771
  27.121   17.093   18.783
  30.198   14.820   20.415
  10.293   14.332   17.542
   9.172   14.657   16.904
  10.907   15.217   18.325
   8.659   15.875   17.049
  10.395   16.434   18.472
   9.273   16.757   17.833
  10.838   13.035   17.387
  12.016   12.881   16.783
  10.171   11.979   17.847
  12.527   11.664   16.638
  10.682   10.762   17.703
  11.858   10.611   17.099
   8.684   13.944   16.276
  11.806   14.950   18.834
   7.760   16.142   16.540
  10.881   17.149   19.098
  12.545   13.732   16.416
   9.228   12.109   18.330
  13.470   11.533   16.154
  10.153    9.910   18.069
  18.826   27.170   12.488
  17.685   26.551   12.780
  19.780   26.541   11.802
  17.494   25.296   12.385
  19.590   25.288   11.406
  18.448   24.671   11.700
  19.029   28.506   12.908
  19.974   28.779   13.806
  18.274   29.478   12.402
  20.164   30.034   14.200
  18.464   30.733   12.795
  19.408   31.003   13.693
  16.924   27.059   13.331
  20.693   27.043   11.570
  16.582   24.794   12.616
  20.349   24.778   10.856
  20.575   27.995   14.208
  17.518   29.252   11.683
  20.918   30.261   14.920
  17.863   31.518   12.394
  42.578   13.834   37.203
  43.477   13.725   36.229
  41.476   13.087   37.193
  43.275   12.864   35.236
  41.272   12.225   36.203
  42.173   12.118   35.229
  42.795   14.751   38.260
  41.982   15.796   38.404
  43.808   14.560   39.101
  42.185   16.656   39.396
  44.012   15.420   40.093
  43.198   16.463   40.235
  44.359   14.327   36.241
  40.758   13.178   37.978
  43.992   12.772   34.451
  40.392   11.622   36.188
  41.171   15.942   37.725
  44.456   13.720   38.980
  41.538   17.497   39.517
  44.822   15.274   40.772
  33.642   17.276   19.682
  32.404   17.759   19.753
  34.074   16.687   18.569
  31.592   17.653   18.706
  33.265   16.580   17.521
  32.027   17.064   17.595
  34.505   17.390   20.797
  34.909   16.292   21.434
  34.908   18.593   21.200
  35.721   16.400   22.481
  35.719   18.701   22.246
  36.121   17.602   22.881
  32.062   18.230   20.648
  35.069   16.301   18.517
  30.598   18.038   18.756
  33.605   16.110   16.625
  34.583   15.331   21.106
  34.580   19.469   20.685
  36.048   15.524   22.997
  36.046   19.662   22.575
  21.175   26.148   28.714
  21.180   25.903   27.406
  21.104   27.398   29.167
  21.114   26.913   26.545
  21.037   28.409   28.308
  21.042   28.161   27.000
  21.245   25.072   29.631
  22.316   24.940   30.413
  20.241   24.202   29.704
  22.380   23.930   31.274
  20.306   23.192   30.565
  21.376   23.062   31.345
  21.238   24.899   27.048
  21.100   27.589   30.218
  21.117   26.724   25.495
  20.979   29.414   28.664
  23.117   25.642   30.349
  19.386   24.313   29.075
  23.235   23.817   31.903
  19.505   22.490   30.630
  25.062   36.340    5.548
  26.005   37.273    5.655
  24.486   36.091    4.374
  26.374   37.963    4.581
  24.855   36.780    3.299
  25.797   37.713    3.408
  24.670   35.604    6.693
  23.435   35.741    7.173
  25.537   34.782    7.278
  23.067   35.050    8.246
  25.169   34.091    8.351
  23.935   34.230    8.829
  26.463   37.469    6.599
  23.731   35.341    4.295
  27.129   38.713    4.659
  24.398   36.586    2.354
  22.745   36.402    6.698
  26.525   34.677    6.888
  22.079   35.156    8.638
  25.859   33.430    8.827
   2.406   13.089   26.116
   2.249   14.332   26.564
   1.721   12.660   25.058
   1.401   15.153   25.951
   0.874   13.479   24.444
   0.718   14.721   24.894
   3.310   12.217   26.768
   2.847   11.138   27.399
   4.614   12.480   26.745
   3.695   10.319   28.010
   5.462   11.662   27.357
   4.998   10.585   27.986
   2.800   14.671   27.413
   1.851   11.662   24.703
   1.269   16.151   26.305
   0.321   13.142   23.595
   1.800   10.933   27.413
   4.978   13.346   26.239
   3.332    9.454   28.519
   6.510   11.866   27.343
  25.608   16.289   15.937
  24.838   17.164   16.580
  25.073   15.221   15.350
  23.524   16.970   16.637
  23.760   15.026   15.405
  22.992   15.902   16.048
  27.007   16.496   15.876
  27.827   15.643   16.487
  27.490   17.541   15.209
  29.140   15.838   16.429
  28.803   17.736   15.151
  29.621   16.882   15.762
  25.273   18.018   17.049
  25.695   14.522   14.835
  22.901   17.667   17.151
  23.323   14.172   14.936
  27.432   14.808   17.021
  26.827   18.221   14.721
  29.804   15.159   16.917
  29.199   18.571   14.617
  30.030    8.433   21.070
  30.580    9.042   20.022
  29.448    9.141   22.035
  30.548   10.369   19.938
  29.414   10.467   21.952
  29.965   11.074   20.904
  30.064    7.021   21.158
  30.767    6.437   22.127
  29.393    6.288   20.272
  30.798    5.111   22.210
  29.424    4.963   20.355
  30.127    4.382   21.324
  31.046    8.469   19.251
  29.008    8.647   22.873
  30.987   10.864   19.101
  28.949   11.041   22.722
  31.302    7.030   22.834
  28.832    6.762   19.498
  31.360    4.636   22.984
  28.888    4.368   19.649
  25.323   19.784   27.342
  24.378   20.139   26.475
  26.499   19.331   26.914
  24.610   20.039   25.169
  26.733   19.232   25.610
  25.786   19.587   24.744
  25.076   19.891   28.732
  25.020   18.789   29.478
  24.903   21.091   29.281
  24.789   18.890   30.783
  24.671   21.191   30.585
  24.616   20.089   31.329
  23.436   20.501   26.824
  27.254   19.049   27.614
  23.857   20.321   24.468
  27.673   18.870   25.258
  25.160   17.830   29.031
  24.948   21.970   28.677
  24.741   18.011   31.387
  24.531   22.150   31.033
   3.511    7.223   38.932
   3.604    5.911   39.134
   2.350    7.772   38.582
   2.530    5.142   38.984
   1.275    7.005   38.433
   1.371    5.694   38.635
   4.655    8.041   39.092
   5.172    8.667   38.036
   5.203    8.180   40.297
   6.245    9.435   38.187
   6.276    8.948   40.448
   6.791    9.572   39.391
   4.538    5.476   39.414
   2.281    8.826   38.422
   2.598    4.089   39.144
   0.341    7.439   38.153
   4.727    8.551   37.073
   4.784    7.676   41.139
   6.666    9.939   37.344
   6.722    9.064   41.410
  34.289   36.866   41.721
  34.897   36.210   42.706
  34.920   37.839   41.067
  36.144   36.527   43.039
  36.166   38.157   41.398
  36.772   37.499   42.383
  32.961   36.528   41.366
  31.981   37.409   41.559
  32.703   35.332   40.842
  30.736   37.091   41.225
  31.457   35.014   40.508
  30.480   35.896   40.702
  34.386   35.431   43.228
  34.427   38.362   40.277
  36.638   36.005   43.828
  36.679   38.935   40.877
  32.196   38.366   41.979
  33.493   34.630   40.691
  29.945   37.792   41.377
  31.242   34.057   40.088
  13.905    8.811   26.402
  15.166    9.121   26.109
  13.573    8.422   27.631
  16.101    9.041   27.050
  14.506    8.343   28.573
  15.766    8.653   28.278
  12.910    8.896   25.400
  12.302    7.789   24.977
  12.589   10.082   24.888
  11.367    7.869   24.037
  11.654   10.163   23.948
  11.048    9.055   23.527
  15.427    9.431   25.121
  12.560    8.175   27.861
  17.114    9.288   26.822
  14.247    8.033   29.561
  12.565    6.841   25.392
  13.080   10.966   25.231
  10.877    6.986   23.692
  11.391   11.110   23.532
   6.462   12.025   10.635
   7.531   12.619   10.109
   6.516   10.751   11.015
   8.661   11.935    9.963
   7.645   10.066   10.871
   8.712   10.662   10.345
   5.259   12.754   10.790
   4.183   12.409   10.086
   5.213   13.777   11.640
   3.053   13.094   10.233
   4.084   14.462   11.788
   3.010   14.115   11.083
   7.482   13.642    9.805
   5.656   10.279   11.437
   9.522   12.405    9.543
   7.696    9.044   11.174
   4.227   11.588    9.406
   6.080   14.049   12.202
   2.187   12.824    9.671
   4.039   15.284   12.467
  39.681    7.058   27.855
  38.736    7.686   27.160
  40.921    6.968   27.379
  39.031    8.227   25.982
  41.219    7.509   26.203
  40.271    8.136   25.510
  39.366    6.482   29.109
  39.419    5.160   29.259
  39.020    7.267   30.126
  39.123    4.620   30.437
  38.725    6.727   31.304
  38.779    5.406   31.452
  37.742    7.755   27.545
  41.676    6.463   27.941
  38.278    8.732   25.420
  42.211    7.441   25.816
  39.696    4.537   28.439
  38.980    8.326   29.999
  39.162    3.561   30.565
  38.447    7.350   32.125
  38.894   35.086   30.378
  37.577   34.948   30.248
  39.703   34.867   29.343
  37.064   34.588   29.076
  39.191   34.508   28.171
  37.874   34.370   28.043
  39.440   35.470   31.626
  40.211   34.617   32.300
  39.180   36.680   32.116
  40.724   34.979   33.471
  39.692   37.041   33.287
  40.462   36.187   33.958
  36.933   35.125   31.082
  40.759   34.980   29.453
  36.009   34.475   28.965
  39.833   34.331   27.336
  40.416   33.649   31.901
  38.561   37.358   31.572
  41.342   34.300   34.017
  39.488   38.009   33.687
  18.789   19.492   24.728
  19.513   20.517   24.285
  17.887   18.911   23.939
  19.335   20.966   23.046
  17.708   19.357   22.700
  18.433   20.382   22.260
  18.979   19.015   26.047
  17.997   19.133   26.939
  20.137   18.453   26.384
  18.176   18.685   28.177
  20.316   18.004   27.621
  19.334   18.123   28.511
  20.234   20.980   24.922
  17.309   18.089   24.299
  19.912   21.787   22.685
  16.988   18.896   22.062
  17.071   19.585   26.662
  20.920   18.362   25.664
  17.394   18.776   28.898
  21.242   17.552   27.900
  29.000   15.730   29.380
  29.552   16.931   29.532
  29.414   14.913   28.413
  30.524   17.319   28.713
  30.386   15.298   27.595
  30.937   16.500   27.749
  27.964   15.317   30.252
  26.737   15.122   29.774
  28.227   15.126   31.543
  25.766   14.733   30.593
  27.256   14.738   32.362
  26.030   14.544   31.882
  29.215   17.582   30.308
  28.968   13.950   28.296
  30.971   18.281   28.829
  30.724   14.649   26.818
  26.534   15.276   28.738
  29.213   15.285   31.920
  24.779   14.576   30.217
  27.458   14.583   33.399
   9.808    4.051   32.106
   9.955    3.008   31.293
   9.901    3.899   33.425
  10.197    1.804   31.802
  10.143    2.697   33.935
  10.290    1.655   33.120
   9.551    5.333   31.564
   8.383    5.928   31.801
  10.479    5.934   30.823
   8.143    7.132   31.292
  10.239    7.138   30.314
   9.072    7.730   30.552
   9.879    3.136   30.236
   9.783    4.740   34.073
  10.315    0.963   31.156
  10.220    2.567   34.992
   7.644    5.441   32.396
  11.413    5.452   30.636
   7.209    7.615   31.477
  10.978    7.626   29.719
  30.868    1.743   12.282
  30.711    0.831   11.326
  29.906    2.626   12.539
  29.584    0.800   10.622
  28.778    2.596   11.836
  28.623    1.683   10.881
  32.068    1.775   13.031
  32.884    2.823   12.927
  32.371    0.758   13.835
  34.010    2.853   13.632
  33.497    0.788   14.539
  34.310    1.836   14.434
  31.487    0.126   11.123
  30.037    3.356   13.307
  29.451    0.071    9.853
  28.001    3.301   12.037
  32.635    3.635   12.281
  31.714   -0.079   13.913
  34.669    3.689   13.553
  33.747   -0.023   15.186
  39.840   30.255    9.074
  38.823   30.980    9.534
  39.637   29.023    8.613
  37.595   30.471    9.534
  38.410   28.512    8.612
  37.395   29.239    9.072
  41.147   30.798    9.074
  42.085   30.261    9.853
  41.428   31.840    8.296
  43.311   30.770    9.852
  42.655   32.350    8.295
  43.590   31.812    9.073
  38.992   31.968    9.903
  40.456   28.445    8.245
  36.776   31.047    9.902
  38.240   27.525    8.243
  41.852   29.425   10.474
  40.672   32.266    7.675
  44.068   30.346   10.474
  42.888   33.186    7.674
  17.523   37.985   19.602
  16.598   38.719   20.216
  17.177   36.896   18.918
  15.319   38.362   20.148
  15.899   36.539   18.847
  14.977   37.274   19.463
  18.884   38.365   19.675
  19.754   37.584   20.313
  19.284   39.499   19.104
  21.032   37.941   20.380
  20.561   39.856   19.172
  21.428   39.074   19.810
  16.881   39.590   20.764
  17.923   36.311   18.426
  14.573   38.946   20.638
  15.614   35.668   18.301
  19.427   36.676   20.768
  18.581   40.121   18.594
  21.735   37.321   20.891
  20.890   40.764   18.717
  43.861   27.716   25.795
  44.472   28.445   26.726
  43.338   26.530   26.101
  44.560   27.987   27.971
  43.424   26.072   27.345
  44.035   26.803   28.274
  43.767   28.204   24.470
  44.407   27.572   23.487
  43.040   29.289   24.217
  44.318   28.030   22.243
  42.950   29.747   22.973
  43.590   29.115   21.993
  44.891   29.395   26.475
  42.848   25.949   25.351
  45.048   28.567   28.722
  43.006   25.123   27.598
  44.988   26.702   23.697
  42.530   29.791   25.009
  44.828   27.530   21.450
  42.369   30.617   22.762
  40.765   19.607   35.857
  40.184   20.040   34.742
  40.420   18.435   36.388
  39.251   19.299   34.152
  39.489   17.693   35.800
  38.909   18.129   34.684
  41.759   20.396   36.484
  41.527   20.914   37.690
  42.916   20.614   35.865
  42.460   21.654   38.278
  43.849   21.354   36.453
  43.615   21.870   37.657
  40.464   20.981   34.321
  40.891   18.092   37.283
  38.781   19.641   33.258
  39.208   16.752   36.219
  40.596   20.735   38.180
  43.096   20.196   34.899
  42.281   22.074   39.243
  44.780   21.534   35.963
  35.667   13.194    7.141
  34.597   13.317    7.922
  35.671   12.325    6.132
  33.524   12.566    7.695
  34.599   11.575    5.903
  33.530   11.699    6.686
  36.809   13.994    7.383
  37.947   13.419    7.771
  36.737   15.313    7.221
  39.019   14.171    7.997
  37.809   16.064    7.447
  38.945   15.488    7.834
  34.599   14.015    8.730
  36.532   12.231    5.508
  32.662   12.660    8.318
  34.594   10.876    5.096
  37.997   12.361    7.898
  35.822   15.767    6.910
  39.934   13.718    8.309
  37.760   17.123    7.319
  26.562    8.123   12.938
  26.722    8.243   11.622
  26.789    6.959   13.543
  27.110    7.193   10.906
  27.178    5.909   12.829
  27.337    6.031   11.514
  26.149    9.242   13.700
  24.961    9.227   14.303
  26.950   10.299   13.808
  24.574   10.278   15.019
  26.563   11.349   14.524
  25.376   11.332   15.125
  26.538    9.179   11.142
  26.660    6.869   14.599
  27.240    7.282    9.851
  27.362    4.973   13.308
  24.324    8.377   14.212
  27.901   10.305   13.322
  23.623   10.274   15.504
  27.200   12.201   14.615
   9.215   22.417   11.962
   8.398   21.824   11.095
  10.295   23.069   11.537
   8.662   21.882    9.794
  10.559   23.130   10.237
   9.742   22.535    9.371
   8.933   22.355   13.348
   9.757   21.695   14.160
   7.848   22.958   13.828
   9.492   21.637   15.461
   7.583   22.900   15.129
   8.407   22.240   15.938
   7.534   21.301   11.442
  10.946   23.544   12.237
   8.012   21.408    9.093
  11.423   23.651    9.888
  10.625   21.214   13.769
   7.191   23.485   13.172
  10.147   21.109   16.118
   6.714   23.381   15.521
  40.444   11.309   19.033
  40.727   10.203   19.717
  41.373   12.243   18.844
  41.947   10.029   20.215
  42.593   12.071   19.340
  42.874   10.964   20.024
  39.145   11.493   18.503
  38.375   12.475   18.970
  38.704   10.685   17.542
  37.156   12.648   18.471
  37.485   10.858   17.043
  36.718   11.840   17.511
  39.978    9.457   19.866
  41.141   13.129   18.295
  42.181    9.144   20.764
  43.344   12.815   19.192
  38.735   13.119   19.740
  39.326    9.900   17.172
  36.532   13.432   18.840
  37.124   10.215   16.272
  20.035   23.147   15.413
  20.812   23.880   14.619
  20.561   22.201   16.188
  22.123   23.666   14.598
  21.872   21.987   16.169
  22.647   22.720   15.374
  18.638   23.376   15.435
  17.808   22.433   14.994
  18.167   24.532   15.898
  16.497   22.648   15.015
  16.856   24.747   15.920
  16.029   23.803   15.478
  20.384   24.637   13.999
  19.934   21.617   16.824
  22.752   24.249   13.963
  22.302   21.230   16.788
  18.193   21.509   14.624
  18.838   25.284   16.250
  15.825   21.897   14.662
  16.470   25.671   16.289
  24.362   20.922    8.493
  25.101   21.661    7.670
  23.258   21.422    9.044
  24.734   22.909    7.395
  22.889   22.669    8.770
  23.630   23.406    7.946
  24.752   19.593    8.785
  25.122   19.271   10.024
  24.746   18.677    7.820
  25.488   18.024   10.297
  25.112   17.429    8.094
  25.481   17.110    9.332
  25.986   21.256    7.231
  22.668   20.824    9.704
  25.322   23.508    6.736
  22.005   23.076    9.207
  25.124   20.011   10.792
  24.449   18.942    6.830
  25.786   17.758   11.287
  25.109   16.689    7.325
   4.320    2.782   18.467
   3.035    2.550   18.722
   5.058    1.875   17.830
   2.483    1.403   18.338
   4.507    0.730   17.444
   3.222    0.499   17.701
   4.908    4.003   18.876
   5.860    3.998   19.808
   4.505    5.146   18.326
   6.412    5.144   20.191
   5.056    6.292   18.709
   6.007    6.284   19.640
   2.448    3.280   19.234
   6.089    2.067   17.628
   1.453    1.210   18.539
   5.092   -0.002   16.932
   6.178    3.078   20.245
   3.741    5.143   17.581
   7.175    5.148   20.938
   4.738    7.213   18.273
  22.095    3.213    8.848
  20.942    3.404    9.484
  22.332    2.069    8.209
  20.019    2.447    9.481
  21.411    1.112    8.204
  20.259    1.306    8.840
  23.077    4.232    8.852
  24.238    4.028    9.471
  22.831    5.386    8.235
  25.160    4.985    9.473
  23.753    6.343    8.237
  24.912    6.137    8.857
  20.757    4.323    9.996
  23.259    1.921    7.700
  19.092    2.594    9.989
  21.594    0.193    7.693
  24.428    3.100    9.963
  21.898    5.543    7.741
  26.093    4.829    9.968
  23.564    7.271    7.745
  30.828    7.953    9.332
  31.518    8.947    8.778
  29.989    7.222    8.601
  31.369    9.212    7.484
  29.840    7.485    7.308
  30.530    8.479    6.756
  30.988    7.671   10.710
  29.966    7.854   11.544
  32.158    7.223   11.160
  30.116    7.588   12.837
  32.308    6.957   12.453
  31.285    7.142   13.284
  32.188    9.531    9.369
  29.439    6.425    9.051
  31.918   10.008    7.033
  29.170    6.902    6.715
  29.031    8.213   11.176
  32.973    7.078   10.487
  29.301    7.734   13.512
  33.243    6.598   12.822
  16.465   37.504   39.267
  16.479   37.558   37.938
  16.479   38.622   39.989
  16.509   38.737   37.325
  16.508   39.802   39.379
  16.523   39.853   38.049
  16.432   36.248   39.919
  17.472   35.860   40.655
  15.363   35.465   39.791
  17.441   34.681   41.267
  15.332   34.287   40.402
  16.372   33.901   41.138
  16.468   36.658   37.363
  16.467   38.573   41.056
  16.521   38.788   36.259
  16.519   40.703   39.951
  18.326   36.492   40.754
  14.534   35.782   39.198
  18.271   34.363   41.859
  14.479   33.654   40.305
  25.807   33.200   43.766
  25.507   32.083   43.109
  24.868   33.861   44.441
  24.260   31.622   43.125
  23.622   33.401   44.459
  23.324   32.284   43.800
  27.135   33.690   43.749
  27.403   34.850   43.153
  28.104   32.986   44.330
  28.649   35.310   43.138
  29.351   33.446   44.315
  29.616   34.606   43.719
  26.263   31.557   42.568
  25.115   34.756   44.967
  24.012   30.727   42.599
  22.864   33.925   44.998
  26.620   35.409   42.690
  27.883   32.057   44.805
  28.872   36.239   42.661
  30.134   32.888   44.778
   2.283   15.429    4.764
   2.277   14.370    3.958
   1.474   15.479    5.820
   1.458   13.353    4.209
   0.656   14.463    6.073
   0.652   13.405    5.266
   3.155   16.510    4.496
   2.652   17.697    4.161
   4.471   16.333    4.581
   3.471   18.712    3.911
   5.291   17.348    4.330
   4.785   18.532    3.996
   2.927   14.335    3.112
   1.483   16.331    6.463
   1.448   12.501    3.567
   0.005   14.496    6.919
   1.595   17.832    4.095
   4.868   15.379    4.849
   3.075   19.666    3.641
   6.348   17.213    4.396
  10.202   26.859   12.552
  10.040   28.104   12.993
   9.175   26.012   12.526
   8.844   28.506   13.411
   7.979   26.413   12.942
   7.819   27.658   13.383
  11.476   26.432   12.107
  12.128   25.487   12.782
  12.011   26.978   11.018
  13.323   25.086   12.363
  13.207   26.577   10.599
  13.856   25.633   11.274
  10.867   28.779   13.013
   9.311   25.015   12.170
   8.707   29.503   13.767
   7.151   25.740   12.923
  11.693   25.053   13.654
  11.484   27.736   10.482
  13.853   24.329   12.899
  13.643   27.010    9.726
  24.428   13.599   26.470
  23.810   13.691   27.644
  25.291   12.612   26.236
  24.055   12.792   28.592
  25.537   11.712   27.182
  24.917   11.807   28.356
  24.166   14.556   25.461
  25.135   15.382   25.068
  22.955   14.623   24.914
  24.889   16.280   24.120
  22.709   15.521   23.966
  23.678   16.345   23.575
  23.119   14.484   27.827
  25.785   12.543   25.292
  23.562   12.860   29.536
  26.227   10.918   27.001
  26.103   15.323   25.511
  22.184   13.958   25.234
  25.659   16.946   23.801
  21.740   15.581   23.522
  36.332   30.187   15.668
  35.728   31.345   15.926
  37.647   30.140   15.471
  36.444   32.463   15.988
  38.364   31.257   15.533
  37.759   32.413   15.791
  35.569   28.997   15.604
  35.458   28.346   14.447
  34.970   28.537   16.700
  34.743   27.228   14.387
  34.255   27.419   16.640
  34.145   26.771   15.483
  34.672   31.377   16.083
  38.127   29.208   15.265
  35.966   33.395   16.194
  39.420   31.227   15.376
  35.941   28.720   13.572
  35.062   29.063   17.624
  34.649   26.701   13.463
  33.771   27.044   17.514
   5.350   29.445   24.410
   5.237   30.239   25.472
   6.438   29.490   23.644
   6.218   31.085   25.771
   7.419   30.334   23.942
   7.304   31.128   25.004
   4.305   28.544   24.093
   3.610   28.709   22.969
   4.026   27.540   24.921
   2.630   27.862   22.671
   3.046   26.693   24.624
   2.354   26.860   23.500
   4.362   30.199   26.083
   6.523   28.850   22.794
   6.134   31.725   26.620
   8.295   30.376   23.333
   3.839   29.516   22.310
   4.587   27.414   25.821
   2.068   27.988   21.772
   2.817   25.885   25.282
  13.523   22.571   40.123
  14.544   22.159   39.375
  13.733   23.342   41.188
  15.783   22.520   39.694
  14.970   23.705   41.507
  15.989   23.291   40.758
  12.203   22.187   39.783
  11.516   21.392   40.601
  11.660   22.625   38.650
  10.278   21.032   40.282
  10.422   22.266   38.331
   9.738   21.471   39.149
  14.370   21.540   38.523
  12.910   23.671   41.784
  16.606   22.193   39.099
  15.146   24.323   42.359
  11.958   21.045   41.508
  12.217   23.263   37.999
   9.721   20.394   40.932
   9.979   22.613   37.424
  21.268   40.676   29.615
  20.254   40.955   28.800
  21.045   40.377   30.894
  19.008   40.936   29.265
  19.801   40.357   31.360
  18.789   40.637   30.542
  22.593   40.695   29.120
  23.453   41.607   29.571
  22.970   39.802   28.208
  24.697   41.624   29.106
  24.214   39.819   27.743
  25.071   40.731   28.195
  20.438   41.194   27.776
  21.862   40.154   31.543
  18.191   41.159   28.617
  19.615   40.119   32.383
  23.144   42.320   30.302
  22.276   39.074   27.850
  25.392   42.353   29.462
  24.524   39.106   27.011
  34.883    2.881   24.935
  33.950    1.957   24.720
  36.123    2.707   24.484
  34.258    0.851   24.051
  36.433    1.603   23.814
  35.498    0.680   23.601
  34.553    4.060   25.647
  35.109    4.289   26.836
  33.693    4.929   25.123
  34.800    5.395   27.504
  33.384    6.035   25.790
  33.940    6.261   26.978
  32.956    2.102   25.084
  36.868    3.452   24.658
  33.515    0.105   23.875
  37.425    1.456   23.449
  35.798    3.588   27.250
  33.251    4.739   24.169
  35.240    5.585   28.457
  32.694    6.737   25.377
  14.495   24.609   23.126
  15.538   25.272   23.618
  13.674   25.192   22.254
  15.764   26.526   23.237
  13.899   26.444   21.871
  14.943   27.105   22.365
  14.255   23.275   23.532
  13.162   22.985   24.236
  15.123   22.320   23.206
  12.938   21.732   24.617
  14.899   21.067   23.586
  13.806   20.781   24.289
  16.192   24.801   24.318
  12.839   24.655   21.861
  16.598   27.063   23.628
  13.246   26.917   21.171
  12.471   23.756   24.494
  15.997   22.559   22.641
  12.065   21.493   25.182
  15.590   20.296   23.328
  11.707   26.752   27.398
  12.696   26.475   26.552
  10.438   26.661   27.007
  12.415   26.106   25.306
  10.155   26.291   25.763
  11.146   26.016   24.918
  12.007   27.144   28.725
  11.704   28.376   29.133
  12.588   26.280   29.553
  11.985   28.743   30.378
  12.869   26.647   30.798
  12.566   27.878   31.203
  13.712   26.550   26.870
   9.648   26.884   27.691
  13.203   25.884   24.622
   9.140   26.216   25.443
  11.239   29.063   28.463
  12.828   25.294   29.219
  11.747   29.729   30.712
  13.335   25.960   31.469
  30.665   32.596   30.603
  29.494   32.224   30.091
  31.803   32.104   30.117
  29.460   31.354   29.087
  31.770   31.235   29.113
  30.598   30.865   28.603
  30.701   33.523   31.672
  31.144   33.135   32.868
  30.294   34.774   31.475
  31.178   34.005   33.870
  30.329   35.645   32.478
  30.771   35.255   33.670
  28.585   32.621   30.486
  32.739   32.407   30.531
  28.525   31.051   28.672
  32.678   30.837   28.717
  31.469   32.130   33.019
  29.940   35.079   30.515
  31.530   33.701   34.831
  30.004   36.650   32.327
   9.504   36.603   38.551
  10.290   35.557   38.793
   8.407   36.467   37.810
   9.978   34.366   38.291
   8.092   35.278   37.309
   8.880   34.233   37.552
   9.838   37.870   39.086
  10.164   38.868   38.265
   9.821   38.055   40.403
  10.476   40.057   38.768
  10.133   39.245   40.906
  10.459   40.239   40.084
  11.170   35.672   39.387
   7.779   37.310   37.620
  10.604   33.523   38.481
   7.213   35.160   36.714
  10.176   38.712   37.210
   9.559   37.252   41.055
  10.740   40.861   38.117
  10.122   39.401   41.962
  27.516   15.305    8.281
  28.604   15.579    8.997
  26.476   14.689    8.840
  28.653   15.235   10.280
  26.524   14.346   10.122
  27.612   14.621   10.836
  27.464   15.671    6.915
  27.413   14.724    5.979
  27.465   16.958    6.577
  27.363   15.069    4.697
  27.415   17.303    5.295
  27.364   16.356    4.362
  29.435   16.072    8.544
  25.606   14.472    8.261
  29.522   15.452   10.860
  25.694   13.852   10.577
  27.412   13.695    6.258
  27.506   17.712    7.332
  27.323   14.316    3.941
  27.416   18.333    5.015
