phi1 phi2 Energy/Hartree
0 0 -0.19010108844234E+04
0 10 -0.19010135492425E+04
0 20 -0.19010182518439E+04
0 30 -0.19010240030825E+04
0 40 -0.19010299421299E+04
0 50 -0.19010348952058E+04
0 60 -0.19010380013389E+04
0 70 -0.19010418696631E+04
0 80 -0.19010447720515E+04
0 90 -0.19010481117345E+04
0 100 -0.19010480586238E+04
0 110 -0.19010467917538E+04
0 120 -0.19010454330932E+04
0 130 -0.19010441012240E+04
0 140 -0.19010426860589E+04
0 150 -0.19010410155146E+04
0 160 -0.19010388595339E+04
0 170 -0.19010359935937E+04
0 190 -0.19010359935818E+04
0 200 -0.19010388597288E+04
0 210 -0.19010410158652E+04
0 220 -0.19010426864699E+04
0 230 -0.19010441011292E+04
0 240 -0.19010454320346E+04
0 250 -0.19010467920219E+04
0 260 -0.19010480596770E+04
0 270 -0.19010481127611E+04
0 280 -0.19010447712544E+04
0 290 -0.19010418703281E+04
0 300 -0.19010380025052E+04
0 310 -0.19010348947499E+04
0 320 -0.19010299420786E+04
0 330 -0.19010240025735E+04
0 340 -0.19010182530446E+04
0 350 -0.19010135505817E+04
0 360 -0.19010108844234E+04
10 0 -0.19010135506174E+04
10 10 -0.19010147301832E+04
10 20 -0.19010197175201E+04
10 30 -0.19010255746200E+04
10 40 -0.19010310280320E+04
10 50 -0.19010349701617E+04
10 60 -0.19010395161287E+04
10 70 -0.19010433975009E+04
10 80 -0.19010479025678E+04
10 90 -0.19010492417641E+04
10 100 -0.19010487639784E+04
10 110 -0.19010479792960E+04
10 120 -0.19010472005356E+04
10 130 -0.19010463371877E+04
10 140 -0.19010452173033E+04
10 150 -0.19010435130526E+04
10 160 -0.19010408733965E+04
10 170 -0.19010376937938E+04
10 180 -0.19010351838284E+04
10 190 -0.19010353879977E+04
10 200 -0.19010376381288E+04
10 210 -0.19010395954048E+04
10 220 -0.19010414851294E+04
10 230 -0.19010433268712E+04
10 240 -0.19010452134279E+04
10 250 -0.19010471411124E+04
10 260 -0.19010483989634E+04
10 270 -0.19010469450388E+04
10 280 -0.19010444078929E+04
10 290 -0.19010415713757E+04
10 300 -0.19010394454127E+04
10 310 -0.19010353063503E+04
10 320 -0.19010296529066E+04
10 330 -0.19010237330528E+04
10 340 -0.19010183927956E+04
10 350 -0.19010143058431E+04
10 360 -0.19010135506174E+04
20 0 -0.19010182528915E+04
20 10 -0.19010197137433E+04
20 20 -0.19010224308404E+04
20 30 -0.19010280122848E+04
20 40 -0.19010324891009E+04
20 50 -0.19010373392885E+04
20 60 -0.19010423481020E+04
20 70 -0.19010476058498E+04
20 80 -0.19010504965970E+04
20 90 -0.19010509476751E+04
20 100 -0.19010508123470E+04
20 110 -0.19010505866143E+04
20 120 -0.19010502433439E+04
20 130 -0.19010496431657E+04
20 140 -0.19010485310454E+04
20 150 -0.19010464688835E+04
20 160 -0.19010434831681E+04
20 170 -0.19010410383333E+04
20 180 -0.19010390561008E+04
20 190 -0.19010357222600E+04
20 200 -0.19010375955635E+04
20 210 -0.19010395926644E+04
20 220 -0.19010417997868E+04
20 230 -0.19010441414007E+04
20 240 -0.19010466140682E+04
20 250 -0.19010488217946E+04
20 260 -0.19010491943510E+04
20 270 -0.19010470232499E+04
20 280 -0.19010453900150E+04
20 290 -0.19010444042981E+04
20 300 -0.19010413570878E+04
20 310 -0.19010362966591E+04
20 320 -0.19010305353222E+04
20 330 -0.19010249567766E+04
20 340 -0.19010202069149E+04
20 350 -0.19010183912881E+04
20 360 -0.19010182528916E+04
30 0 -0.19010240038166E+04
30 10 -0.19010255708146E+04
30 20 -0.19010280108874E+04
30 30 -0.19010308545166E+04
30 40 -0.19010353862696E+04
30 50 -0.19010410089647E+04
30 60 -0.19010470394364E+04
30 70 -0.19010514618022E+04
30 80 -0.19010529904160E+04
30 90 -0.19010535983343E+04
30 100 -0.19010539885289E+04
30 110 -0.19010541504299E+04
30 120 -0.19010539801883E+04
30 130 -0.19010533251571E+04
30 140 -0.19010518739391E+04
30 150 -0.19010494523708E+04
30 160 -0.19010470752378E+04
30 170 -0.19010452563110E+04
30 180 -0.19010428568125E+04
30 190 -0.19010371169672E+04
30 200 -0.19010389153269E+04
30 210 -0.19010410782948E+04
30 220 -0.19010436524499E+04
30 230 -0.19010465116113E+04
30 240 -0.19010493824421E+04
30 250 -0.19010511678212E+04
30 260 -0.19010497374611E+04
30 270 -0.19010490575550E+04
30 280 -0.19010493138169E+04
30 290 -0.19010475099321E+04
30 300 -0.19010433741879E+04
30 310 -0.19010380834897E+04
30 320 -0.19010326164888E+04
30 330 -0.19010275661670E+04
30 340 -0.19010249590913E+04
30 350 -0.19010237330935E+04
30 360 -0.19010240038167E+04
40 0 -0.19010299450508E+04
40 10 -0.19010310290246E+04
40 20 -0.19010324919407E+04
40 30 -0.19010353899000E+04
40 40 -0.19010393786378E+04
40 50 -0.19010463438057E+04
40 60 -0.19010519496721E+04
40 70 -0.19010544188012E+04
40 80 -0.19010557846477E+04
40 90 -0.19010569123743E+04
40 100 -0.19010576960233E+04
40 110 -0.19010579487824E+04
40 120 -0.19010576017727E+04
40 130 -0.19010565405367E+04
40 140 -0.19010547137855E+04
40 150 -0.19010528014773E+04
40 160 -0.19010510402661E+04
40 170 -0.19010488698743E+04
40 180 -0.19010460247078E+04
40 190 -0.19010427992687E+04
40 200 -0.19010414873977E+04
40 210 -0.19010439267169E+04
40 220 -0.19010468500383E+04
40 230 -0.19010500382323E+04
40 240 -0.19010527564451E+04
40 250 -0.19010535033935E+04
40 260 -0.19010535438050E+04
40 270 -0.19010540857109E+04
40 280 -0.19010531184300E+04
40 290 -0.19010501532911E+04
40 300 -0.19010456605729E+04
40 310 -0.19010406427110E+04
40 320 -0.19010356897956E+04
40 330 -0.19010326233677E+04
40 340 -0.19010305394523E+04
40 350 -0.19010296560221E+04
40 360 -0.19010299450507E+04
50 0 -0.19010348924550E+04
50 10 -0.19010349622540E+04
50 20 -0.19010373399804E+04
50 30 -0.19010410080989E+04
50 40 -0.19010463456802E+04
50 50 -0.19010520946182E+04
50 60 -0.19010551468232E+04
50 70 -0.19010570191077E+04
50 80 -0.19010587529177E+04
50 90 -0.19010602928220E+04
50 100 -0.19010611447186E+04
50 110 -0.19010611077404E+04
50 120 -0.19010602713496E+04
50 130 -0.19010588997657E+04
50 140 -0.19010576104185E+04
50 150 -0.19010560694178E+04
50 160 -0.19010539191361E+04
50 170 -0.19010513582703E+04
50 180 -0.19010484972420E+04
50 190 -0.19010456747977E+04
50 200 -0.19010448667145E+04
50 210 -0.19010475959242E+04
50 220 -0.19010507304697E+04
50 230 -0.19010538336078E+04
50 240 -0.19010557684045E+04
50 250 -0.19010565742052E+04
50 260 -0.19010579800965E+04
50 270 -0.19010578564691E+04
50 280 -0.19010559423791E+04
50 290 -0.19010525279401E+04
50 300 -0.19010482861429E+04
50 310 -0.19010438048553E+04
50 320 -0.19010406393495E+04
50 330 -0.19010380823706E+04
50 340 -0.19010362955414E+04
50 350 -0.19010353103688E+04
50 360 -0.19010348924549E+04
60 0 -0.19010380137656E+04
60 10 -0.19010395147228E+04
60 20 -0.19010423489799E+04
60 30 -0.19010470372329E+04
60 40 -0.19010519476524E+04
60 50 -0.19010551450962E+04
60 60 -0.19010574318822E+04
60 70 -0.19010594359132E+04
60 80 -0.19010614254529E+04
60 90 -0.19010630444278E+04
60 100 -0.19010635886450E+04
60 110 -0.19010631163634E+04
60 120 -0.19010623273209E+04
60 130 -0.19010614439572E+04
60 140 -0.19010599930982E+04
60 150 -0.19010578963610E+04
60 160 -0.19010553996178E+04
60 170 -0.19010528409094E+04
60 180 -0.19010502883574E+04
60 190 -0.19010480938684E+04
60 200 -0.19010484041998E+04
60 210 -0.19010512599668E+04
60 220 -0.19010542849340E+04
60 230 -0.19010568336291E+04
60 240 -0.19010584686197E+04
60 250 -0.19010605321436E+04
60 260 -0.19010614846022E+04
60 270 -0.19010603679430E+04
60 280 -0.19010580437340E+04
60 290 -0.19010548533271E+04
60 300 -0.19010511670305E+04
60 310 -0.19010482895550E+04
60 320 -0.19010456638213E+04
60 330 -0.19010433771672E+04
60 340 -0.19010413610267E+04
60 350 -0.19010394524090E+04
60 360 -0.19010380137657E+04
70 0 -0.19010418722357E+04
70 10 -0.19010433976915E+04
70 20 -0.19010476091065E+04
70 30 -0.19010514638193E+04
70 40 -0.19010544178802E+04
70 50 -0.19010570193071E+04
70 60 -0.19010594353719E+04
70 70 -0.19010615350496E+04
70 80 -0.19010635445743E+04
70 90 -0.19010650385669E+04
70 100 -0.19010654970877E+04
70 110 -0.19010652423267E+04
70 120 -0.19010642977865E+04
70 130 -0.19010627642450E+04
70 140 -0.19010607220190E+04
70 150 -0.19010583114453E+04
70 160 -0.19010558842050E+04
70 170 -0.19010535849354E+04
70 180 -0.19010514560387E+04
70 190 -0.19010499980366E+04
70 200 -0.19010513990041E+04
70 210 -0.19010540817361E+04
70 220 -0.19010567034170E+04
70 230 -0.19010590895112E+04
70 240 -0.19010616789737E+04
70 250 -0.19010634283373E+04
70 260 -0.19010633252387E+04
70 270 -0.19010618611322E+04
70 280 -0.19010597370451E+04
70 290 -0.19010570945053E+04
70 300 -0.19010548537492E+04
70 310 -0.19010525314834E+04
70 320 -0.19010501510499E+04
70 330 -0.19010475019158E+04
70 340 -0.19010443966739E+04
70 350 -0.19010415676973E+04
70 360 -0.19010418722357E+04
80 0 -0.19010447808756E+04
80 10 -0.19010478997692E+04
80 20 -0.19010504914009E+04
80 30 -0.19010529875686E+04
80 40 -0.19010557834017E+04
80 50 -0.19010587527100E+04
80 60 -0.19010614265507E+04
80 70 -0.19010635450709E+04
80 80 -0.19010656798524E+04
80 90 -0.19010670756641E+04
80 100 -0.19010671213100E+04
80 110 -0.19010661414504E+04
80 120 -0.19010645249644E+04
80 130 -0.19010624919740E+04
80 140 -0.19010601890765E+04
80 150 -0.19010578342143E+04
80 160 -0.19010557089233E+04
80 170 -0.19010538073439E+04
80 180 -0.19010522579938E+04
80 190 -0.19010518060795E+04
80 200 -0.19010538364920E+04
80 210 -0.19010563233490E+04
80 220 -0.19010589994833E+04
80 230 -0.19010616415858E+04
80 240 -0.19010636972935E+04
80 250 -0.19010644840484E+04
80 260 -0.19010639916230E+04
80 270 -0.19010627341979E+04
80 280 -0.19010610655094E+04
80 290 -0.19010597388370E+04
80 300 -0.19010580441308E+04
80 310 -0.19010559471981E+04
80 320 -0.19010531226442E+04
80 330 -0.19010493231605E+04
80 340 -0.19010453939743E+04
80 350 -0.19010444024323E+04
80 360 -0.19010447808756E+04
90 0 -0.19010481135289E+04
90 10 -0.19010492466065E+04
90 20 -0.19010509464927E+04
90 30 -0.19010535968694E+04
90 40 -0.19010569128564E+04
90 50 -0.19010602917129E+04
90 60 -0.19010630444695E+04
90 70 -0.19010650352723E+04
90 80 -0.19010670724632E+04
90 90 -0.19010677575724E+04
90 100 -0.19010670339242E+04
90 110 -0.19010654831865E+04
90 120 -0.19010634967245E+04
90 130 -0.19010612580929E+04
90 140 -0.19010589243659E+04
90 150 -0.19010567773016E+04
90 160 -0.19010549881150E+04
90 170 -0.19010535690621E+04
90 180 -0.19010528230800E+04
90 190 -0.19010539318330E+04
90 200 -0.19010561336792E+04
90 210 -0.19010584191986E+04
90 220 -0.19010606842699E+04
90 230 -0.19010626946745E+04
90 240 -0.19010640463260E+04
90 250 -0.19010644745413E+04
90 260 -0.19010641157754E+04
90 270 -0.19010632498818E+04
90 280 -0.19010627344370E+04
90 290 -0.19010618624658E+04
90 300 -0.19010603668002E+04
90 310 -0.19010578560799E+04
90 320 -0.19010540875020E+04
90 330 -0.19010490513812E+04
90 340 -0.19010470264207E+04
90 350 -0.19010469576523E+04
90 360 -0.19010481135289E+04
100 0 -0.19010480556223E+04
100 10 -0.19010487643275E+04
100 20 -0.19010508145234E+04
100 30 -0.19010539909108E+04
100 40 -0.19010576950410E+04
100 50 -0.19010611431984E+04
100 60 -0.19010635888994E+04
100 70 -0.19010655028379E+04
100 80 -0.19010671194292E+04
100 90 -0.19010670339523E+04
100 100 -0.19010657902932E+04
100 110 -0.19010639560145E+04
100 120 -0.19010618007266E+04
100 130 -0.19010594751462E+04
100 140 -0.19010572066768E+04
100 150 -0.19010552778284E+04
100 160 -0.19010537737268E+04
100 170 -0.19010528478976E+04
100 180 -0.19010532047539E+04
100 190 -0.19010550995772E+04
100 200 -0.19010570635780E+04
100 210 -0.19010589385828E+04
100 220 -0.19010607714312E+04
100 230 -0.19010623955325E+04
100 240 -0.19010635628791E+04
100 250 -0.19010641369725E+04
100 260 -0.19010642131817E+04
100 270 -0.19010641157310E+04
100 280 -0.19010639906141E+04
100 290 -0.19010633281380E+04
100 300 -0.19010614863699E+04
100 310 -0.19010579828647E+04
100 320 -0.19010535386894E+04
100 330 -0.19010497555729E+04
100 340 -0.19010491932921E+04
100 350 -0.19010483991663E+04
100 360 -0.19010480556222E+04
110 0 -0.19010467901989E+04
110 10 -0.19010479810948E+04
110 20 -0.19010505909920E+04
110 30 -0.19010541510086E+04
110 40 -0.19010579470834E+04
110 50 -0.19010611083311E+04
110 60 -0.19010631206075E+04
110 70 -0.19010652452820E+04
110 80 -0.19010661418714E+04
110 90 -0.19010654842032E+04
110 100 -0.19010639544121E+04
110 110 -0.19010619652010E+04
110 120 -0.19010597008887E+04
110 130 -0.19010573523998E+04
110 140 -0.19010552009263E+04
110 150 -0.19010534440596E+04
110 160 -0.19010521815782E+04
110 170 -0.19010518154348E+04
110 180 -0.19010531789097E+04
110 190 -0.19010549742494E+04
110 200 -0.19010566286377E+04
110 210 -0.19010582420112E+04
110 220 -0.19010599188236E+04
110 230 -0.19010614840488E+04
110 240 -0.19010627485112E+04
110 250 -0.19010636122054E+04
110 260 -0.19010641378992E+04
110 270 -0.19010644719828E+04
110 280 -0.19010644782916E+04
110 290 -0.19010634255937E+04
110 300 -0.19010605311879E+04
110 310 -0.19010565798872E+04
110 320 -0.19010535016640E+04
110 330 -0.19010511612529E+04
110 340 -0.19010488239705E+04
110 350 -0.19010471411248E+04
110 360 -0.19010467901989E+04
120 0 -0.19010454302819E+04
120 10 -0.19010472002477E+04
120 20 -0.19010502437563E+04
120 30 -0.19010539812020E+04
120 40 -0.19010576024823E+04
120 50 -0.19010602720238E+04
120 60 -0.19010623266705E+04
120 70 -0.19010642989979E+04
120 80 -0.19010645241201E+04
120 90 -0.19010634985485E+04
120 100 -0.19010617993330E+04
120 110 -0.19010597009691E+04
120 120 -0.19010573855130E+04
120 130 -0.19010550849462E+04
120 140 -0.19010530502661E+04
120 150 -0.19010514026098E+04
120 160 -0.19010503454308E+04
120 170 -0.19010507787244E+04
120 180 -0.19010523764977E+04
120 190 -0.19010539460828E+04
120 200 -0.19010554143753E+04
120 210 -0.19010569777846E+04
120 220 -0.19010586817909E+04
120 230 -0.19010602923868E+04
120 240 -0.19010616639184E+04
120 250 -0.19010627480269E+04
120 260 -0.19010635664521E+04
120 270 -0.19010640439614E+04
120 280 -0.19010636927143E+04
120 290 -0.19010616822183E+04
120 300 -0.19010584670869E+04
120 310 -0.19010557758974E+04
120 320 -0.19010527523690E+04
120 330 -0.19010493805576E+04
120 340 -0.19010466163786E+04
120 350 -0.19010452183363E+04
120 360 -0.19010454302820E+04
130 0 -0.19010441014606E+04
130 10 -0.19010463379202E+04
130 20 -0.19010496448210E+04
130 30 -0.19010533273869E+04
130 40 -0.19010565420802E+04
130 50 -0.19010589034411E+04
130 60 -0.19010614431975E+04
130 70 -0.19010627628799E+04
130 80 -0.19010624921861E+04
130 90 -0.19010612585996E+04
130 100 -0.19010594724663E+04
130 110 -0.19010573510837E+04
130 120 -0.19010550851172E+04
130 130 -0.19010528768130E+04
130 140 -0.19010509047874E+04
130 150 -0.19010492558105E+04
130 160 -0.19010483901377E+04
130 170 -0.19010494821448E+04
130 180 -0.19010509649157E+04
130 190 -0.19010523767263E+04
130 200 -0.19010537995177E+04
130 210 -0.19010554514393E+04
130 220 -0.19010572275957E+04
130 230 -0.19010588661565E+04
130 240 -0.19010602913579E+04
130 250 -0.19010614833066E+04
130 260 -0.19010623993436E+04
130 270 -0.19010626949486E+04
130 280 -0.19010616382792E+04
130 290 -0.19010591002628E+04
130 300 -0.19010568348189E+04
130 310 -0.19010538369708E+04
130 320 -0.19010500333095E+04
130 330 -0.19010465081764E+04
130 340 -0.19010441421159E+04
130 350 -0.19010433286104E+04
130 360 -0.19010441014606E+04
140 0 -0.19010426847876E+04
140 10 -0.19010452157977E+04
140 20 -0.19010485290224E+04
140 30 -0.19010518723628E+04
140 40 -0.19010547135885E+04
140 50 -0.19010576102220E+04
140 60 -0.19010599917001E+04
140 70 -0.19010607191527E+04
140 80 -0.19010601865415E+04
140 90 -0.19010589239215E+04
140 100 -0.19010572057308E+04
140 110 -0.19010552015925E+04
140 120 -0.19010530512155E+04
140 130 -0.19010509040018E+04
140 140 -0.19010488774568E+04
140 150 -0.19010470397731E+04
140 160 -0.19010463847410E+04
140 170 -0.19010476760899E+04
140 180 -0.19010490578633E+04
140 190 -0.19010504193395E+04
140 200 -0.19010519178159E+04
140 210 -0.19010537297826E+04
140 220 -0.19010555691209E+04
140 230 -0.19010572257276E+04
140 240 -0.19010586780610E+04
140 250 -0.19010599158267E+04
140 260 -0.19010607724865E+04
140 270 -0.19010606821678E+04
140 280 -0.19010589987518E+04
140 290 -0.19010567012857E+04
140 300 -0.19010542855858E+04
140 310 -0.19010507290376E+04
140 320 -0.19010468483217E+04
140 330 -0.19010436500748E+04
140 340 -0.19010417949000E+04
140 350 -0.19010414814009E+04
140 360 -0.19010426847877E+04
150 0 -0.19010410164413E+04
150 10 -0.19010435137941E+04
150 20 -0.19010464692182E+04
150 30 -0.19010494531035E+04
150 40 -0.19010528028167E+04
150 50 -0.19010560701314E+04
150 60 -0.19010578991654E+04
150 70 -0.19010583090573E+04
150 80 -0.19010578325779E+04
150 90 -0.19010567757674E+04
150 100 -0.19010552768143E+04
150 110 -0.19010534435249E+04
150 120 -0.19010514026738E+04
150 130 -0.19010492529491E+04
150 140 -0.19010470379107E+04
150 150 -0.19010447834990E+04
150 160 -0.19010440566770E+04
150 170 -0.19010453259943E+04
150 180 -0.19010467035716E+04
150 190 -0.19010481291367E+04
150 200 -0.19010498139273E+04
150 210 -0.19010518108195E+04
150 220 -0.19010537297361E+04
150 230 -0.19010554507458E+04
150 240 -0.19010569765727E+04
150 250 -0.19010582399315E+04
150 260 -0.19010589373246E+04
150 270 -0.19010584174749E+04
150 280 -0.19010563274547E+04
150 290 -0.19010540809957E+04
150 300 -0.19010512582552E+04
150 310 -0.19010475951422E+04
150 320 -0.19010439251291E+04
150 330 -0.19010410774291E+04
150 340 -0.19010395911685E+04
150 350 -0.19010395959139E+04
150 360 -0.19010410164414E+04
160 0 -0.19010388598743E+04
160 10 -0.19010408740486E+04
160 20 -0.19010434828464E+04
160 30 -0.19010470749665E+04
160 40 -0.19010510407923E+04
160 50 -0.19010539181377E+04
160 60 -0.19010553997965E+04
160 70 -0.19010558823655E+04
160 80 -0.19010557073557E+04
160 90 -0.19010549868607E+04
160 100 -0.19010537724378E+04
160 110 -0.19010521803097E+04
160 120 -0.19010503475160E+04
160 130 -0.19010483898734E+04
160 140 -0.19010463822885E+04
160 150 -0.19010440588326E+04
160 160 -0.19010412584473E+04
160 170 -0.19010424784068E+04
160 180 -0.19010439799663E+04
160 190 -0.19010456037247E+04
160 200 -0.19010475807495E+04
160 210 -0.19010498148451E+04
160 220 -0.19010519171278E+04
160 230 -0.19010537993664E+04
160 240 -0.19010554148568E+04
160 250 -0.19010566273878E+04
160 260 -0.19010570637679E+04
160 270 -0.19010561334259E+04
160 280 -0.19010538353626E+04
160 290 -0.19010513977534E+04
160 300 -0.19010484017562E+04
160 310 -0.19010448669768E+04
160 320 -0.19010414862740E+04
160 330 -0.19010389146148E+04
160 340 -0.19010375938818E+04
160 350 -0.19010376376648E+04
160 360 -0.19010388598744E+04
170 0 -0.19010359936361E+04
170 10 -0.19010376939218E+04
170 20 -0.19010410360590E+04
170 30 -0.19010452537789E+04
170 40 -0.19010488706626E+04
170 50 -0.19010513588457E+04
170 60 -0.19010528425948E+04
170 70 -0.19010535841517E+04
170 80 -0.19010538052809E+04
170 90 -0.19010535692663E+04
170 100 -0.19010528473914E+04
170 110 -0.19010518145237E+04
170 120 -0.19010507796715E+04
170 130 -0.19010494832117E+04
170 140 -0.19010476752958E+04
170 150 -0.19010453259440E+04
170 160 -0.19010424766731E+04
170 170 -0.19010395042756E+04
170 180 -0.19010412487207E+04
170 190 -0.19010432267776E+04
170 200 -0.19010456029674E+04
170 210 -0.19010481303938E+04
170 220 -0.19010504181001E+04
170 230 -0.19010523759613E+04
170 240 -0.19010539464556E+04
170 250 -0.19010549743863E+04
170 260 -0.19010551010715E+04
170 270 -0.19010539341645E+04
170 280 -0.19010518041652E+04
170 290 -0.19010500008498E+04
170 300 -0.19010480958965E+04
170 310 -0.19010456730520E+04
170 320 -0.19010428010538E+04
170 330 -0.19010371163811E+04
170 340 -0.19010357225222E+04
170 350 -0.19010353871843E+04
170 360 -0.19010359936362E+04
180 10 -0.19010351836740E+04
180 20 -0.19010390561403E+04
180 30 -0.19010428551795E+04
180 40 -0.19010460237471E+04
180 50 -0.19010484970340E+04
180 60 -0.19010502870803E+04
180 70 -0.19010514527448E+04
180 80 -0.19010522573045E+04
180 90 -0.19010528223688E+04
180 100 -0.19010532071544E+04
180 110 -0.19010531792504E+04
180 120 -0.19010523757616E+04
180 130 -0.19010509646266E+04
180 140 -0.19010490564708E+04
180 150 -0.19010467049731E+04
180 160 -0.19010439786187E+04
180 170 -0.19010412495983E+04
180 180 -0.19010388664117E+04
180 190 -0.19010412495085E+04
180 200 -0.19010439796735E+04
180 210 -0.19010467054501E+04
180 220 -0.19010490566444E+04
180 230 -0.19010509643415E+04
180 240 -0.19010523761998E+04
180 250 -0.19010531798401E+04
180 260 -0.19010532064552E+04
180 270 -0.19010528221591E+04
180 280 -0.19010522570903E+04
180 290 -0.19010514533193E+04
180 300 -0.19010502869054E+04
180 310 -0.19010484971561E+04
180 320 -0.19010460236890E+04
180 330 -0.19010428551906E+04
180 340 -0.19010390562989E+04
180 350 -0.19010351839464E+04
190 0 -0.19010359938222E+04
190 10 -0.19010353870214E+04
190 20 -0.19010357224443E+04
190 30 -0.19010371165091E+04
190 40 -0.19010428010349E+04
190 50 -0.19010456733576E+04
190 60 -0.19010480951928E+04
190 70 -0.19010500005819E+04
190 80 -0.19010518049075E+04
190 90 -0.19010539351744E+04
190 100 -0.19010551010064E+04
190 110 -0.19010549743718E+04
190 120 -0.19010539462145E+04
190 130 -0.19010523762085E+04
190 140 -0.19010504177187E+04
190 150 -0.19010481296999E+04
190 160 -0.19010456017671E+04
190 170 -0.19010432270684E+04
190 180 -0.19010412489509E+04
190 190 -0.19010395043971E+04
190 200 -0.19010424778462E+04
190 210 -0.19010453268002E+04
190 220 -0.19010476757541E+04
190 230 -0.19010494835989E+04
190 240 -0.19010507794890E+04
190 250 -0.19010518155842E+04
190 260 -0.19010528475666E+04
190 270 -0.19010535692128E+04
190 280 -0.19010538055529E+04
190 290 -0.19010535839228E+04
190 300 -0.19010528424040E+04
190 310 -0.19010513588393E+04
190 320 -0.19010488709168E+04
190 330 -0.19010452542829E+04
190 340 -0.19010410364996E+04
190 350 -0.19010376941152E+04
190 360 -0.19010359938223E+04
200 0 -0.19010388599766E+04
200 10 -0.19010376372966E+04
200 20 -0.19010375933471E+04
200 30 -0.19010389145644E+04
200 40 -0.19010414859712E+04
200 50 -0.19010448670941E+04
200 60 -0.19010484017592E+04
200 70 -0.19010513981542E+04
200 80 -0.19010538353688E+04
200 90 -0.19010561344481E+04
200 100 -0.19010570641424E+04
200 110 -0.19010566271483E+04
200 120 -0.19010554141477E+04
200 130 -0.19010537990851E+04
200 140 -0.19010519167787E+04
200 150 -0.19010498144029E+04
200 160 -0.19010475795143E+04
200 170 -0.19010456041492E+04
200 180 -0.19010439801358E+04
200 190 -0.19010424785312E+04
200 200 -0.19010412576570E+04
200 210 -0.19010440585992E+04
200 220 -0.19010463820098E+04
200 230 -0.19010483894109E+04
200 240 -0.19010503475995E+04
200 250 -0.19010521805213E+04
200 260 -0.19010537725286E+04
200 270 -0.19010549872847E+04
200 280 -0.19010557077912E+04
200 290 -0.19010558825883E+04
200 300 -0.19010554001416E+04
200 310 -0.19010539186449E+04
200 320 -0.19010510411434E+04
200 330 -0.19010470753509E+04
200 340 -0.19010434832025E+04
200 350 -0.19010408742227E+04
200 360 -0.19010388599767E+04
210 0 -0.19010410167397E+04
210 10 -0.19010395958672E+04
210 20 -0.19010395908965E+04
210 30 -0.19010410773929E+04
210 40 -0.19010439248448E+04
210 50 -0.19010475948352E+04
210 60 -0.19010512588734E+04
210 70 -0.19010540815355E+04
210 80 -0.19010563254086E+04
210 90 -0.19010584189555E+04
210 100 -0.19010589383157E+04
210 110 -0.19010582398937E+04
210 120 -0.19010569757496E+04
210 130 -0.19010554500883E+04
210 140 -0.19010537294660E+04
210 150 -0.19010518110153E+04
210 160 -0.19010498139905E+04
210 170 -0.19010481299913E+04
210 180 -0.19010467040201E+04
210 190 -0.19010453264950E+04
210 200 -0.19010440580964E+04
210 210 -0.19010447834382E+04
210 220 -0.19010470379766E+04
210 230 -0.19010492533123E+04
210 240 -0.19010514032618E+04
210 250 -0.19010534438567E+04
210 260 -0.19010552770968E+04
210 270 -0.19010567761590E+04
210 280 -0.19010578328205E+04
210 290 -0.19010583096737E+04
210 300 -0.19010578995260E+04
210 310 -0.19010560703188E+04
210 320 -0.19010528033529E+04
210 330 -0.19010494538012E+04
210 340 -0.19010464694818E+04
210 350 -0.19010435140473E+04
210 360 -0.19010410167397E+04
220 0 -0.19010426842952E+04
220 10 -0.19010414812729E+04
220 20 -0.19010417959089E+04
220 30 -0.19010436510087E+04
220 40 -0.19010468477255E+04
220 50 -0.19010507286767E+04
220 60 -0.19010542854972E+04
220 70 -0.19010566996264E+04
220 80 -0.19010589982777E+04
220 90 -0.19010606837183E+04
220 100 -0.19010607715707E+04
220 110 -0.19010599157271E+04
220 120 -0.19010586776104E+04
220 130 -0.19010572248331E+04
220 140 -0.19010555679291E+04
220 150 -0.19010537291552E+04
220 160 -0.19010519182226E+04
220 170 -0.19010504198105E+04
220 180 -0.19010490581181E+04
220 190 -0.19010476763377E+04
220 200 -0.19010463841213E+04
220 210 -0.19010470398797E+04
220 220 -0.19010488777351E+04
220 230 -0.19010509041560E+04
220 240 -0.19010530512774E+04
220 250 -0.19010552017755E+04
220 260 -0.19010572055891E+04
220 270 -0.19010589240757E+04
220 280 -0.19010601869642E+04
220 290 -0.19010607196746E+04
220 300 -0.19010599918220E+04
220 310 -0.19010576099693E+04
220 320 -0.19010547128989E+04
220 330 -0.19010518716258E+04
220 340 -0.19010485280525E+04
220 350 -0.19010452147691E+04
220 360 -0.19010426842952E+04
230 0 -0.19010441019919E+04
230 10 -0.19010433286714E+04
230 20 -0.19010441414407E+04
230 30 -0.19010465080569E+04
230 40 -0.19010500356097E+04
230 50 -0.19010538373352E+04
230 60 -0.19010568336216E+04
230 70 -0.19010591006085E+04
230 80 -0.19010616394770E+04
230 90 -0.19010626982325E+04
230 100 -0.19010623989392E+04
230 110 -0.19010614826590E+04
230 120 -0.19010602907030E+04
230 130 -0.19010588654173E+04
230 140 -0.19010572267425E+04
230 150 -0.19010554511463E+04
230 160 -0.19010537999279E+04
230 170 -0.19010523766146E+04
230 180 -0.19010509645545E+04
230 190 -0.19010494816896E+04
230 200 -0.19010483897624E+04
230 210 -0.19010492555652E+04
230 220 -0.19010509046506E+04
230 230 -0.19010528766075E+04
230 240 -0.19010550848799E+04
230 250 -0.19010573511248E+04
230 260 -0.19010594722077E+04
230 270 -0.19010612583107E+04
230 280 -0.19010624920622E+04
230 290 -0.19010627629351E+04
230 300 -0.19010614433960E+04
230 310 -0.19010589036395E+04
230 320 -0.19010565421950E+04
230 330 -0.19010533276865E+04
230 340 -0.19010496452878E+04
230 350 -0.19010463381008E+04
230 360 -0.19010441019919E+04
240 0 -0.19010454303659E+04
240 10 -0.19010452181230E+04
240 20 -0.19010466159715E+04
240 30 -0.19010493793705E+04
240 40 -0.19010527515345E+04
240 50 -0.19010557763966E+04
240 60 -0.19010584678122E+04
240 70 -0.19010616835299E+04
240 80 -0.19010636931360E+04
240 90 -0.19010640480597E+04
240 100 -0.19010635667825E+04
240 110 -0.19010627480321E+04
240 120 -0.19010616647354E+04
240 130 -0.19010602920609E+04
240 140 -0.19010586814603E+04
240 150 -0.19010569781740E+04
240 160 -0.19010554150332E+04
240 170 -0.19010539463464E+04
240 180 -0.19010523767718E+04
240 190 -0.19010507794796E+04
240 200 -0.19010503457270E+04
240 210 -0.19010514029238E+04
240 220 -0.19010530507323E+04
240 230 -0.19010550850922E+04
240 240 -0.19010573855990E+04
240 250 -0.19010597012240E+04
240 260 -0.19010617994370E+04
240 270 -0.19010634984843E+04
240 280 -0.19010645240031E+04
240 290 -0.19010642989582E+04
240 300 -0.19010623271453E+04
240 310 -0.19010602718888E+04
240 320 -0.19010576023706E+04
240 330 -0.19010539810315E+04
240 340 -0.19010502433858E+04
240 350 -0.19010471996569E+04
240 360 -0.19010454303659E+04
250 0 -0.19010467908346E+04
250 10 -0.19010471412085E+04
250 20 -0.19010488252020E+04
250 30 -0.19010511594071E+04
250 40 -0.19010534954750E+04
250 50 -0.19010565778683E+04
250 60 -0.19010605294894E+04
250 70 -0.19010634257333E+04
250 80 -0.19010644774030E+04
250 90 -0.19010644710221E+04
250 100 -0.19010641363649E+04
250 110 -0.19010636124269E+04
250 120 -0.19010627489644E+04
250 130 -0.19010614840960E+04
250 140 -0.19010599191552E+04
250 150 -0.19010582423321E+04
250 160 -0.19010566287706E+04
250 170 -0.19010549742179E+04
250 180 -0.19010531789922E+04
250 190 -0.19010518146234E+04
250 200 -0.19010521812506E+04
250 210 -0.19010534439276E+04
250 220 -0.19010552008947E+04
250 230 -0.19010573522193E+04
250 240 -0.19010597008155E+04
250 250 -0.19010619654572E+04
250 260 -0.19010639546104E+04
250 270 -0.19010654841090E+04
250 280 -0.19010661417941E+04
250 290 -0.19010652454308E+04
250 300 -0.19010631204935E+04
250 310 -0.19010611084020E+04
250 320 -0.19010579471532E+04
250 330 -0.19010541509471E+04
250 340 -0.19010505910609E+04
250 350 -0.19010479809927E+04
250 360 -0.19010467908345E+04
260 0 -0.19010480563619E+04
260 10 -0.19010483990181E+04
260 20 -0.19010491927834E+04
260 30 -0.19010497496190E+04
260 40 -0.19010535405679E+04
260 50 -0.19010579819121E+04
260 60 -0.19010614872121E+04
260 70 -0.19010633286125E+04
260 80 -0.19010639923110E+04
260 90 -0.19010641172301E+04
260 100 -0.19010642127176E+04
260 110 -0.19010641358009E+04
260 120 -0.19010635630011E+04
260 130 -0.19010623975909E+04
260 140 -0.19010607729630E+04
260 150 -0.19010589393428E+04
260 160 -0.19010570642956E+04
260 170 -0.19010551000045E+04
260 180 -0.19010532039192E+04
260 190 -0.19010528480616E+04
260 200 -0.19010537736589E+04
260 210 -0.19010552778679E+04
260 220 -0.19010572066657E+04
260 230 -0.19010594751409E+04
260 240 -0.19010618006459E+04
260 250 -0.19010639562165E+04
260 260 -0.19010657903139E+04
260 270 -0.19010670339476E+04
260 280 -0.19010671193394E+04
260 290 -0.19010655028754E+04
260 300 -0.19010635890586E+04
260 310 -0.19010611431104E+04
260 320 -0.19010576947866E+04
260 330 -0.19010539905898E+04
260 340 -0.19010508148791E+04
260 350 -0.19010487633341E+04
260 360 -0.19010480563619E+04
270 0 -0.19010481130957E+04
270 10 -0.19010469566729E+04
270 20 -0.19010470262076E+04
270 30 -0.19010490521958E+04
270 40 -0.19010540876221E+04
270 50 -0.19010578556557E+04
270 60 -0.19010603657874E+04
270 70 -0.19010618617773E+04
270 80 -0.19010627342644E+04
270 90 -0.19010632438633E+04
270 100 -0.19010641145067E+04
270 110 -0.19010644730124E+04
270 120 -0.19010640455332E+04
270 130 -0.19010626954037E+04
270 140 -0.19010606849722E+04
270 150 -0.19010584196084E+04
270 160 -0.19010561344391E+04
270 170 -0.19010539327904E+04
270 180 -0.19010528229318E+04
270 190 -0.19010535693822E+04
270 200 -0.19010549880438E+04
270 210 -0.19010567769997E+04
270 220 -0.19010589243716E+04
270 230 -0.19010612581177E+04
270 240 -0.19010634966602E+04
270 250 -0.19010654833736E+04
270 260 -0.19010670338876E+04
270 270 -0.19010677575233E+04
270 280 -0.19010670724574E+04
270 290 -0.19010650354616E+04
270 300 -0.19010630445661E+04
270 310 -0.19010602919860E+04
270 320 -0.19010569127232E+04
270 330 -0.19010535966238E+04
270 340 -0.19010509480628E+04
270 350 -0.19010492456328E+04
270 360 -0.19010481130956E+04
280 0 -0.19010447805171E+04
280 10 -0.19010444008270E+04
280 20 -0.19010453908993E+04
280 30 -0.19010493200384E+04
280 40 -0.19010531219878E+04
280 50 -0.19010559470385E+04
280 60 -0.19010580445857E+04
280 70 -0.19010597384231E+04
280 80 -0.19010610630352E+04
280 90 -0.19010627348547E+04
280 100 -0.19010639916872E+04
280 110 -0.19010644843527E+04
280 120 -0.19010636974944E+04
280 130 -0.19010616410015E+04
280 140 -0.19010589978517E+04
280 150 -0.19010563241955E+04
280 160 -0.19010538378377E+04
280 170 -0.19010518069245E+04
280 180 -0.19010522572208E+04
280 190 -0.19010538073165E+04
280 200 -0.19010557087821E+04
280 210 -0.19010578343201E+04
280 220 -0.19010601895021E+04
280 230 -0.19010624919374E+04
280 240 -0.19010645249156E+04
280 250 -0.19010661415551E+04
280 260 -0.19010671212513E+04
280 270 -0.19010670757032E+04
280 280 -0.19010656799829E+04
280 290 -0.19010635455333E+04
280 300 -0.19010614272744E+04
280 310 -0.19010587529241E+04
280 320 -0.19010557829292E+04
280 330 -0.19010529872795E+04
280 340 -0.19010504915999E+04
280 350 -0.19010479003998E+04
280 360 -0.19010447805170E+04
290 0 -0.19010418733824E+04
290 10 -0.19010415707085E+04
290 20 -0.19010443943543E+04
290 30 -0.19010475008361E+04
290 40 -0.19010501509660E+04
290 50 -0.19010525308338E+04
290 60 -0.19010548544693E+04
290 70 -0.19010570912233E+04
290 80 -0.19010597377381E+04
290 90 -0.19010618621606E+04
290 100 -0.19010633255912E+04
290 110 -0.19010634291270E+04
290 120 -0.19010616785577E+04
290 130 -0.19010590884004E+04
290 140 -0.19010567037890E+04
290 150 -0.19010540813811E+04
290 160 -0.19010513983763E+04
290 170 -0.19010499980166E+04
290 180 -0.19010514553919E+04
290 190 -0.19010535852586E+04
290 200 -0.19010558844670E+04
290 210 -0.19010583119898E+04
290 220 -0.19010607225476E+04
290 230 -0.19010627640074E+04
290 240 -0.19010642977717E+04
290 250 -0.19010652422500E+04
290 260 -0.19010654971751E+04
290 270 -0.19010650386529E+04
290 280 -0.19010635443685E+04
290 290 -0.19010615350324E+04
290 300 -0.19010594356162E+04
290 310 -0.19010570203611E+04
290 320 -0.19010544175567E+04
290 330 -0.19010514638006E+04
290 340 -0.19010476086867E+04
290 350 -0.19010433976888E+04
290 360 -0.19010418733824E+04
300 0 -0.19010380107921E+04
300 10 -0.19010394557297E+04
300 20 -0.19010413601614E+04
300 30 -0.19010433783231E+04
300 40 -0.19010456626754E+04
300 50 -0.19010482885028E+04
300 60 -0.19010511716744E+04
300 70 -0.19010548522676E+04
300 80 -0.19010580453825E+04
300 90 -0.19010603666666E+04
300 100 -0.19010614844813E+04
300 110 -0.19010605324288E+04
300 120 -0.19010584691586E+04
300 130 -0.19010568329607E+04
300 140 -0.19010542855798E+04
300 150 -0.19010512601108E+04
300 160 -0.19010484045829E+04
300 170 -0.19010480930901E+04
300 180 -0.19010502884614E+04
300 190 -0.19010528410641E+04
300 200 -0.19010553994577E+04
300 210 -0.19010578968472E+04
300 220 -0.19010599931179E+04
300 230 -0.19010614439536E+04
300 240 -0.19010623272675E+04
300 250 -0.19010631161001E+04
300 260 -0.19010635885438E+04
300 270 -0.19010630445400E+04
300 280 -0.19010614251154E+04
300 290 -0.19010594360792E+04
300 300 -0.19010574324976E+04
300 310 -0.19010551461194E+04
300 320 -0.19010519466162E+04
300 330 -0.19010470367074E+04
300 340 -0.19010423518020E+04
300 350 -0.19010395151459E+04
300 360 -0.19010380107921E+04
310 0 -0.19010348934050E+04
310 10 -0.19010353089497E+04
310 20 -0.19010362949900E+04
310 30 -0.19010380826930E+04
310 40 -0.19010406382440E+04
310 50 -0.19010438022580E+04
310 60 -0.19010482855516E+04
310 70 -0.19010525276883E+04
310 80 -0.19010559440564E+04
310 90 -0.19010578566076E+04
310 100 -0.19010579807478E+04
310 110 -0.19010565730750E+04
310 120 -0.19010557677493E+04
310 130 -0.19010538328689E+04
310 140 -0.19010507306434E+04
310 150 -0.19010475958479E+04
310 160 -0.19010448668306E+04
310 170 -0.19010456750492E+04
310 180 -0.19010484974029E+04
310 190 -0.19010513582423E+04
310 200 -0.19010539199526E+04
310 210 -0.19010560698945E+04
310 220 -0.19010576106941E+04
310 230 -0.19010588999801E+04
310 240 -0.19010602711548E+04
310 250 -0.19010611074633E+04
310 260 -0.19010611448041E+04
310 270 -0.19010602932719E+04
310 280 -0.19010587529794E+04
310 290 -0.19010570184109E+04
310 300 -0.19010551458300E+04
310 310 -0.19010520956323E+04
310 320 -0.19010463455269E+04
310 330 -0.19010410079659E+04
310 340 -0.19010373399073E+04
310 350 -0.19010349641204E+04
310 360 -0.19010348934050E+04
320 0 -0.19010299468645E+04
320 10 -0.19010296555592E+04
320 20 -0.19010305394786E+04
320 30 -0.19010326222432E+04
320 40 -0.19010356881740E+04
320 50 -0.19010406433928E+04
320 60 -0.19010456604958E+04
320 70 -0.19010501526016E+04
320 80 -0.19010531189709E+04
320 90 -0.19010540879373E+04
320 100 -0.19010535446237E+04
320 110 -0.19010535056383E+04
320 120 -0.19010527558005E+04
320 130 -0.19010500377547E+04
320 140 -0.19010468504162E+04
320 150 -0.19010439267300E+04
320 160 -0.19010414871624E+04
320 170 -0.19010427989976E+04
320 180 -0.19010460241875E+04
320 190 -0.19010488700608E+04
320 200 -0.19010510406426E+04
320 210 -0.19010528016709E+04
320 220 -0.19010547138965E+04
320 230 -0.19010565406995E+04
320 240 -0.19010576016257E+04
320 250 -0.19010579487974E+04
320 260 -0.19010576966871E+04
320 270 -0.19010569129959E+04
320 280 -0.19010557851463E+04
320 290 -0.19010544196229E+04
320 300 -0.19010519497676E+04
320 310 -0.19010463446823E+04
320 320 -0.19010393724690E+04
320 330 -0.19010353899957E+04
320 340 -0.19010324905504E+04
320 350 -0.19010310296714E+04
320 360 -0.19010299468644E+04
330 0 -0.19010240044009E+04
330 10 -0.19010237346508E+04
330 20 -0.19010249613679E+04
330 30 -0.19010275726188E+04
330 40 -0.19010326164053E+04
330 50 -0.19010380833196E+04
330 60 -0.19010433753853E+04
330 70 -0.19010475102197E+04
330 80 -0.19010493096189E+04
330 90 -0.19010490547124E+04
330 100 -0.19010497397596E+04
330 110 -0.19010511698721E+04
330 120 -0.19010493822297E+04
330 130 -0.19010465121822E+04
330 140 -0.19010436527234E+04
330 150 -0.19010410778366E+04
330 160 -0.19010389151407E+04
330 170 -0.19010371167805E+04
330 180 -0.19010428566364E+04
330 190 -0.19010452565556E+04
330 200 -0.19010470756545E+04
330 210 -0.19010494526858E+04
330 220 -0.19010518738337E+04
330 230 -0.19010533251627E+04
330 240 -0.19010539797227E+04
330 250 -0.19010541507718E+04
330 260 -0.19010539889249E+04
330 270 -0.19010535984861E+04
330 280 -0.19010529914075E+04
330 290 -0.19010514626842E+04
330 300 -0.19010470398417E+04
330 310 -0.19010410086088E+04
330 320 -0.19010353873805E+04
330 330 -0.19010308547619E+04
330 340 -0.19010280091693E+04
330 350 -0.19010255724372E+04
330 360 -0.19010240044010E+04
340 0 -0.19010182529336E+04
340 10 -0.19010183922245E+04
340 20 -0.19010202042725E+04
340 30 -0.19010249571116E+04
340 40 -0.19010305343201E+04
340 50 -0.19010362952806E+04
340 60 -0.19010413582148E+04
340 70 -0.19010444047579E+04
340 80 -0.19010453913653E+04
340 90 -0.19010470218991E+04
340 100 -0.19010491967215E+04
340 110 -0.19010488201163E+04
340 120 -0.19010466131899E+04
340 130 -0.19010441411228E+04
340 140 -0.19010417992347E+04
340 150 -0.19010395921843E+04
340 160 -0.19010375951409E+04
340 170 -0.19010357221995E+04
340 180 -0.19010390561945E+04
340 190 -0.19010410383906E+04
340 200 -0.19010434835041E+04
340 210 -0.19010464692396E+04
340 220 -0.19010485309223E+04
340 230 -0.19010496429769E+04
340 240 -0.19010502425883E+04
340 250 -0.19010505872187E+04
340 260 -0.19010508125372E+04
340 270 -0.19010509463287E+04
340 280 -0.19010504966151E+04
340 290 -0.19010476070478E+04
340 300 -0.19010423477498E+04
340 310 -0.19010373385828E+04
340 320 -0.19010324902468E+04
340 330 -0.19010280135733E+04
340 340 -0.19010223700407E+04
340 350 -0.19010197143414E+04
340 360 -0.19010182529336E+04
350 0 -0.19010135492587E+04
350 10 -0.19010143041995E+04
350 20 -0.19010183914760E+04
350 30 -0.19010237340303E+04
350 40 -0.19010296520780E+04
350 50 -0.19010353056053E+04
350 60 -0.19010394456206E+04
350 70 -0.19010415711916E+04
350 80 -0.19010444073787E+04
350 90 -0.19010469398575E+04
350 100 -0.19010483996980E+04
350 110 -0.19010471411020E+04
350 120 -0.19010452144842E+04
350 130 -0.19010433272931E+04
350 140 -0.19010414845249E+04
350 150 -0.19010395950341E+04
350 160 -0.19010376378172E+04
350 170 -0.19010353878478E+04
350 180 -0.19010351840560E+04
350 190 -0.19010376937467E+04
350 200 -0.19010408736073E+04
350 210 -0.19010435134144E+04
350 220 -0.19010452172939E+04
350 230 -0.19010463370787E+04
350 240 -0.19010472005112E+04
350 250 -0.19010479801384E+04
350 260 -0.19010487645125E+04
350 270 -0.19010492421501E+04
350 280 -0.19010479025349E+04
350 290 -0.19010434008148E+04
350 300 -0.19010395164278E+04
350 310 -0.19010349699290E+04
350 320 -0.19010310278016E+04
350 330 -0.19010255766684E+04
350 340 -0.19010197171560E+04
350 350 -0.19010147298679E+04
350 360 -0.19010135492587E+04
360 0 -0.19010108844234E+04
360 10 -0.19010135492426E+04
360 20 -0.19010182518439E+04
360 30 -0.19010240030826E+04
360 40 -0.19010299421300E+04
360 50 -0.19010348952058E+04
360 60 -0.19010380013389E+04
360 70 -0.19010418696631E+04
360 80 -0.19010447720516E+04
360 90 -0.19010481117345E+04
360 100 -0.19010480586239E+04
360 110 -0.19010467917538E+04
360 120 -0.19010454330932E+04
360 130 -0.19010441012239E+04
360 140 -0.19010426860590E+04
360 150 -0.19010410155147E+04
360 160 -0.19010388595338E+04
360 170 -0.19010359935937E+04
360 190 -0.19010359935818E+04
360 200 -0.19010388597288E+04
360 210 -0.19010410158651E+04
360 220 -0.19010426864699E+04
360 230 -0.19010441011293E+04
360 240 -0.19010454320346E+04
360 250 -0.19010467920220E+04
360 260 -0.19010480596769E+04
360 270 -0.19010481127611E+04
360 280 -0.19010447712545E+04
360 290 -0.19010418703281E+04
360 300 -0.19010380025052E+04
360 310 -0.19010348947499E+04
360 320 -0.19010299420785E+04
360 330 -0.19010240025734E+04
360 340 -0.19010182530446E+04
360 350 -0.19010135505817E+04
360 360 -0.19010108844233E+04
