phi1 phi2 Energy/Hartree
0 0 -0.13359076090279E+04
0 10 -0.13359080383282E+04
0 20 -0.13359093620361E+04
0 30 -0.13359116418609E+04
0 40 -0.13359147595738E+04
0 50 -0.13359180499533E+04
0 60 -0.13359203796910E+04
0 70 -0.13359213006998E+04
0 80 -0.13359213068574E+04
0 90 -0.13359208245148E+04
0 100 -0.13359200220516E+04
0 110 -0.13359190318365E+04
0 120 -0.13359180111249E+04
0 130 -0.13359170994801E+04
0 140 -0.13359163853571E+04
0 150 -0.13359159083828E+04
0 160 -0.13359156583410E+04
0 170 -0.13359155722768E+04
0 180 -0.13359155587139E+04
0 190 -0.13359155722614E+04
0 200 -0.13359156582385E+04
0 210 -0.13359159084656E+04
0 220 -0.13359163853687E+04
0 230 -0.13359170995323E+04
0 240 -0.13359180113082E+04
0 250 -0.13359190320605E+04
0 260 -0.13359200224285E+04
0 270 -0.13359208250333E+04
0 280 -0.13359213066310E+04
0 290 -0.13359213007974E+04
0 300 -0.13359203797769E+04
0 310 -0.13359180501757E+04
0 320 -0.13359147595944E+04
0 330 -0.13359116418687E+04
0 340 -0.13359093621426E+04
0 350 -0.13359080384091E+04
0 360 -0.13359076090279E+04
10 0 -0.13359080382367E+04
10 10 -0.13359090072143E+04
10 20 -0.13359108758837E+04
10 30 -0.13359136215797E+04
10 40 -0.13359168259051E+04
10 50 -0.13359195050760E+04
10 60 -0.13359209674406E+04
10 70 -0.13359214613348E+04
10 80 -0.13359213808488E+04
10 90 -0.13359208995821E+04
10 100 -0.13359201256285E+04
10 110 -0.13359192000556E+04
10 120 -0.13359182705698E+04
10 130 -0.13359174507665E+04
10 140 -0.13359168103753E+04
10 150 -0.13359163787513E+04
10 160 -0.13359161224002E+04
10 170 -0.13359159632243E+04
10 180 -0.13359158372933E+04
10 190 -0.13359157710082E+04
10 200 -0.13359158475979E+04
10 210 -0.13359161399322E+04
10 220 -0.13359166899686E+04
10 230 -0.13359174972142E+04
10 240 -0.13359185085013E+04
10 250 -0.13359196093962E+04
10 260 -0.13359206410221E+04
10 270 -0.13359214518586E+04
10 280 -0.13359218814562E+04
10 290 -0.13359215493199E+04
10 300 -0.13359197896490E+04
10 310 -0.13359166549151E+04
10 320 -0.13359132445188E+04
10 330 -0.13359104941809E+04
10 340 -0.13359087251429E+04
10 350 -0.13359079326242E+04
10 360 -0.13359080382366E+04
20 0 -0.13359093627318E+04
20 10 -0.13359108757524E+04
20 20 -0.13359132458520E+04
20 30 -0.13359162005008E+04
20 40 -0.13359189673335E+04
20 50 -0.13359208313918E+04
20 60 -0.13359218114907E+04
20 70 -0.13359222040340E+04
20 80 -0.13359221369808E+04
20 90 -0.13359216900165E+04
20 100 -0.13359209748907E+04
20 110 -0.13359201307213E+04
20 120 -0.13359192840403E+04
20 130 -0.13359185275331E+04
20 140 -0.13359179190634E+04
20 150 -0.13359174709579E+04
20 160 -0.13359171303007E+04
20 170 -0.13359168524087E+04
20 180 -0.13359166461007E+04
20 190 -0.13359165707175E+04
20 200 -0.13359166893192E+04
20 210 -0.13359170537741E+04
20 220 -0.13359176970067E+04
20 230 -0.13359186098395E+04
20 240 -0.13359197145473E+04
20 250 -0.13359208698044E+04
20 260 -0.13359219181580E+04
20 270 -0.13359227010977E+04
20 280 -0.13359229088957E+04
20 290 -0.13359218571894E+04
20 300 -0.13359191938715E+04
20 310 -0.13359157217123E+04
20 320 -0.13359125447052E+04
20 330 -0.13359102498493E+04
20 340 -0.13359089913342E+04
20 350 -0.13359087248607E+04
20 360 -0.13359093627318E+04
30 0 -0.13359116416277E+04
30 10 -0.13359136215075E+04
30 20 -0.13359161999800E+04
30 30 -0.13359187882700E+04
30 40 -0.13359207988945E+04
30 50 -0.13359221753348E+04
30 60 -0.13359230706047E+04
30 70 -0.13359235274031E+04
30 80 -0.13359235381695E+04
30 90 -0.13359231644810E+04
30 100 -0.13359225228379E+04
30 110 -0.13359217415496E+04
30 120 -0.13359209277963E+04
30 130 -0.13359201609188E+04
30 140 -0.13359194945704E+04
30 150 -0.13359189285740E+04
30 160 -0.13359184614105E+04
30 170 -0.13359181118061E+04
30 180 -0.13359179183982E+04
30 190 -0.13359179086596E+04
30 200 -0.13359181165961E+04
30 210 -0.13359185845123E+04
30 220 -0.13359193393983E+04
30 230 -0.13359203512550E+04
30 240 -0.13359215135637E+04
30 250 -0.13359226768587E+04
30 260 -0.13359236843652E+04
30 270 -0.13359242986096E+04
30 280 -0.13359239550431E+04
30 290 -0.13359220474643E+04
30 300 -0.13359189074420E+04
30 310 -0.13359155522814E+04
30 320 -0.13359127890619E+04
30 330 -0.13359109926211E+04
30 340 -0.13359102497414E+04
30 350 -0.13359104945482E+04
30 360 -0.13359116416277E+04
40 0 -0.13359147588943E+04
40 10 -0.13359168254997E+04
40 20 -0.13359189680101E+04
40 30 -0.13359207997267E+04
40 40 -0.13359223275909E+04
40 50 -0.13359236485430E+04
40 60 -0.13359246897593E+04
40 70 -0.13359253165968E+04
40 80 -0.13359254558957E+04
40 90 -0.13359251631127E+04
40 100 -0.13359245535122E+04
40 110 -0.13359237468430E+04
40 120 -0.13359228456303E+04
40 130 -0.13359219427998E+04
40 140 -0.13359211041894E+04
40 150 -0.13359203963346E+04
40 160 -0.13359198822744E+04
40 170 -0.13359195952310E+04
40 180 -0.13359195273152E+04
40 190 -0.13359196582710E+04
40 200 -0.13359200051788E+04
40 210 -0.13359206019803E+04
40 220 -0.13359214575432E+04
40 230 -0.13359225143266E+04
40 240 -0.13359236483355E+04
40 250 -0.13359247121416E+04
40 260 -0.13359255262207E+04
40 270 -0.13359257157317E+04
40 280 -0.13359246752824E+04
40 290 -0.13359222929577E+04
40 300 -0.13359192213421E+04
40 310 -0.13359162869957E+04
40 320 -0.13359140529444E+04
40 330 -0.13359127891768E+04
40 340 -0.13359125442486E+04
40 350 -0.13359132444102E+04
40 360 -0.13359147588942E+04
50 0 -0.13359180504525E+04
50 10 -0.13359195044622E+04
50 20 -0.13359208313521E+04
50 30 -0.13359221759616E+04
50 40 -0.13359236478609E+04
50 50 -0.13359251595113E+04
50 60 -0.13359264653681E+04
50 70 -0.13359273189588E+04
50 80 -0.13359275844946E+04
50 90 -0.13359272960457E+04
50 100 -0.13359265845199E+04
50 110 -0.13359255908199E+04
50 120 -0.13359244565600E+04
50 130 -0.13359233221843E+04
50 140 -0.13359223322357E+04
50 150 -0.13359216120278E+04
50 160 -0.13359212230436E+04
50 170 -0.13359211346896E+04
50 180 -0.13359212820059E+04
50 190 -0.13359216155236E+04
50 200 -0.13359221287929E+04
50 210 -0.13359228349601E+04
50 220 -0.13359237152008E+04
50 230 -0.13359246894294E+04
50 240 -0.13359256344668E+04
50 250 -0.13359264146428E+04
50 260 -0.13359268326314E+04
50 270 -0.13359265035527E+04
50 280 -0.13359251098341E+04
50 290 -0.13359228275945E+04
50 300 -0.13359202332382E+04
50 310 -0.13359179147322E+04
50 320 -0.13359162872428E+04
50 330 -0.13359155525491E+04
50 340 -0.13359157223146E+04
50 350 -0.13359166547192E+04
50 360 -0.13359180504525E+04
60 0 -0.13359203799042E+04
60 10 -0.13359209675279E+04
60 20 -0.13359218121950E+04
60 30 -0.13359230710236E+04
60 40 -0.13359246898746E+04
60 50 -0.13359264656619E+04
60 60 -0.13359280634054E+04
60 70 -0.13359291119965E+04
60 80 -0.13359293887617E+04
60 90 -0.13359289402158E+04
60 100 -0.13359279572902E+04
60 110 -0.13359266627312E+04
60 120 -0.13359252745896E+04
60 130 -0.13359240118725E+04
60 140 -0.13359230534134E+04
60 150 -0.13359225044601E+04
60 160 -0.13359223553842E+04
60 170 -0.13359225271666E+04
60 180 -0.13359229255668E+04
60 190 -0.13359234698733E+04
60 200 -0.13359241118606E+04
60 210 -0.13359248289153E+04
60 220 -0.13359255799833E+04
60 230 -0.13359262849080E+04
60 240 -0.13359268566893E+04
60 250 -0.13359272135601E+04
60 260 -0.13359272299475E+04
60 270 -0.13359266868830E+04
60 280 -0.13359254526955E+04
60 290 -0.13359237025192E+04
60 300 -0.13359218266111E+04
60 310 -0.13359202330420E+04
60 320 -0.13359192214862E+04
60 330 -0.13359189071758E+04
60 340 -0.13359191935740E+04
60 350 -0.13359197892866E+04
60 360 -0.13359203799042E+04
70 0 -0.13359213002702E+04
70 10 -0.13359214604525E+04
70 20 -0.13359222032795E+04
70 30 -0.13359235253160E+04
70 40 -0.13359253162919E+04
70 50 -0.13359273186140E+04
70 60 -0.13359291118620E+04
70 70 -0.13359301965258E+04
70 80 -0.13359303004267E+04
70 90 -0.13359295506807E+04
70 100 -0.13359282608842E+04
70 110 -0.13359267557776E+04
70 120 -0.13359253070973E+04
70 130 -0.13359241343015E+04
70 140 -0.13359233767111E+04
70 150 -0.13359230709127E+04
70 160 -0.13359231669762E+04
70 170 -0.13359235748104E+04
70 180 -0.13359241763873E+04
70 190 -0.13359248478889E+04
70 200 -0.13359254961374E+04
70 210 -0.13359260667330E+04
70 220 -0.13359265181882E+04
70 230 -0.13359268201763E+04
70 240 -0.13359269835414E+04
70 250 -0.13359270236872E+04
70 260 -0.13359269074568E+04
70 270 -0.13359265258416E+04
70 280 -0.13359257897797E+04
70 290 -0.13359247749216E+04
70 300 -0.13359237024603E+04
70 310 -0.13359228277655E+04
70 320 -0.13359222929465E+04
70 330 -0.13359220473777E+04
70 340 -0.13359218574873E+04
70 350 -0.13359215481803E+04
70 360 -0.13359213002703E+04
80 0 -0.13359213078891E+04
80 10 -0.13359213812255E+04
80 20 -0.13359221372374E+04
80 30 -0.13359235384871E+04
80 40 -0.13359254554506E+04
80 50 -0.13359275837562E+04
80 60 -0.13359293891670E+04
80 70 -0.13359302998588E+04
80 80 -0.13359301075396E+04
80 90 -0.13359290897245E+04
80 100 -0.13359276642416E+04
80 110 -0.13359261792973E+04
80 120 -0.13359248793912E+04
80 130 -0.13359239268557E+04
80 140 -0.13359233995518E+04
80 150 -0.13359233029124E+04
80 160 -0.13359235862976E+04
80 170 -0.13359241457731E+04
80 180 -0.13359248338999E+04
80 190 -0.13359254839993E+04
80 200 -0.13359259769424E+04
80 210 -0.13359262658416E+04
80 220 -0.13359263624196E+04
80 230 -0.13359263337304E+04
80 240 -0.13359262721901E+04
80 250 -0.13359262437854E+04
80 260 -0.13359262485730E+04
80 270 -0.13359262180370E+04
80 280 -0.13359260692949E+04
80 290 -0.13359257897545E+04
80 300 -0.13359254530517E+04
80 310 -0.13359251098564E+04
80 320 -0.13359246765387E+04
80 330 -0.13359239551480E+04
80 340 -0.13359229091027E+04
80 350 -0.13359218828945E+04
80 360 -0.13359213078891E+04
90 0 -0.13359208245707E+04
90 10 -0.13359209000055E+04
90 20 -0.13359216907938E+04
90 30 -0.13359231639805E+04
90 40 -0.13359251629023E+04
90 50 -0.13359272952684E+04
90 60 -0.13359289407380E+04
90 70 -0.13359295513085E+04
90 80 -0.13359290901025E+04
90 90 -0.13359279687145E+04
90 100 -0.13359266154952E+04
90 110 -0.13359253178231E+04
90 120 -0.13359242515190E+04
90 130 -0.13359235205860E+04
90 140 -0.13359231766792E+04
90 150 -0.13359232253153E+04
90 160 -0.13359236151534E+04
90 170 -0.13359242225799E+04
90 180 -0.13359248649381E+04
90 190 -0.13359253584309E+04
90 200 -0.13359255991499E+04
90 210 -0.13359255894502E+04
90 220 -0.13359254269552E+04
90 230 -0.13359252516359E+04
90 240 -0.13359251816084E+04
90 250 -0.13359252714353E+04
90 260 -0.13359255153781E+04
90 270 -0.13359258558793E+04
90 280 -0.13359262183446E+04
90 290 -0.13359265264110E+04
90 300 -0.13359266866368E+04
90 310 -0.13359265042745E+04
90 320 -0.13359257157168E+04
90 330 -0.13359243001356E+04
90 340 -0.13359227021004E+04
90 350 -0.13359214521083E+04
90 360 -0.13359208245707E+04
100 0 -0.13359200225534E+04
100 10 -0.13359201257264E+04
100 20 -0.13359209747273E+04
100 30 -0.13359225226553E+04
100 40 -0.13359245528657E+04
100 50 -0.13359265844713E+04
100 60 -0.13359279579707E+04
100 70 -0.13359282620590E+04
100 80 -0.13359276638742E+04
100 90 -0.13359266152129E+04
100 100 -0.13359254630248E+04
100 110 -0.13359244035878E+04
100 120 -0.13359235510691E+04
100 130 -0.13359229874781E+04
100 140 -0.13359227669939E+04
100 150 -0.13359228965254E+04
100 160 -0.13359233158543E+04
100 170 -0.13359238775926E+04
100 180 -0.13359243778022E+04
100 190 -0.13359246438481E+04
100 200 -0.13359246238094E+04
100 210 -0.13359243982595E+04
100 220 -0.13359241275994E+04
100 230 -0.13359239713930E+04
100 240 -0.13359240288339E+04
100 250 -0.13359243273274E+04
100 260 -0.13359248427308E+04
100 270 -0.13359255149197E+04
100 280 -0.13359262490047E+04
100 290 -0.13359269069636E+04
100 300 -0.13359272303136E+04
100 310 -0.13359268324347E+04
100 320 -0.13359255268443E+04
100 330 -0.13359236847522E+04
100 340 -0.13359219175933E+04
100 350 -0.13359206396422E+04
100 360 -0.13359200225534E+04
110 0 -0.13359190314862E+04
110 10 -0.13359192002165E+04
110 20 -0.13359201302404E+04
110 30 -0.13359217416816E+04
110 40 -0.13359237463336E+04
110 50 -0.13359255897703E+04
110 60 -0.13359266622842E+04
110 70 -0.13359267562048E+04
110 80 -0.13359261787561E+04
110 90 -0.13359253178367E+04
110 100 -0.13359244036828E+04
110 110 -0.13359235546493E+04
110 120 -0.13359228624448E+04
110 130 -0.13359224112977E+04
110 140 -0.13359222584234E+04
110 150 -0.13359224120382E+04
110 160 -0.13359227954936E+04
110 170 -0.13359232398970E+04
110 180 -0.13359235408814E+04
110 190 -0.13359235722137E+04
110 200 -0.13359233523170E+04
110 210 -0.13359230235614E+04
110 220 -0.13359227702437E+04
110 230 -0.13359227368508E+04
110 240 -0.13359229915700E+04
110 250 -0.13359235379235E+04
110 260 -0.13359243274108E+04
110 270 -0.13359252718781E+04
110 280 -0.13359262440242E+04
110 290 -0.13359270231684E+04
110 300 -0.13359272132367E+04
110 310 -0.13359264153885E+04
110 320 -0.13359247121153E+04
110 330 -0.13359226754593E+04
110 340 -0.13359208694239E+04
110 350 -0.13359196089758E+04
110 360 -0.13359190314862E+04
120 0 -0.13359180105545E+04
120 10 -0.13359182703987E+04
120 20 -0.13359192839235E+04
120 30 -0.13359209272665E+04
120 40 -0.13359228451281E+04
120 50 -0.13359244563366E+04
120 60 -0.13359252748112E+04
120 70 -0.13359253076034E+04
120 80 -0.13359248796818E+04
120 90 -0.13359242521531E+04
120 100 -0.13359235509807E+04
120 110 -0.13359228624424E+04
120 120 -0.13359222792261E+04
120 130 -0.13359218901390E+04
120 140 -0.13359217575604E+04
120 150 -0.13359218831978E+04
120 160 -0.13359221721304E+04
120 170 -0.13359224470429E+04
120 180 -0.13359225345193E+04
120 190 -0.13359223699158E+04
120 200 -0.13359220373669E+04
120 210 -0.13359217071479E+04
120 220 -0.13359215568630E+04
120 230 -0.13359217047604E+04
120 240 -0.13359221919882E+04
120 250 -0.13359229920906E+04
120 260 -0.13359240288257E+04
120 270 -0.13359251824029E+04
120 280 -0.13359262722759E+04
120 290 -0.13359269836922E+04
120 300 -0.13359268559749E+04
120 310 -0.13359256340838E+04
120 320 -0.13359236476299E+04
120 330 -0.13359215135516E+04
120 340 -0.13359197141150E+04
120 350 -0.13359185086333E+04
120 360 -0.13359180105545E+04
130 0 -0.13359171000772E+04
130 10 -0.13359174509033E+04
130 20 -0.13359185273444E+04
130 30 -0.13359201612105E+04
130 40 -0.13359219422519E+04
130 50 -0.13359233223331E+04
130 60 -0.13359240118914E+04
130 70 -0.13359241353902E+04
130 80 -0.13359239274669E+04
130 90 -0.13359235208395E+04
130 100 -0.13359229878921E+04
130 110 -0.13359224113755E+04
130 120 -0.13359218901735E+04
130 130 -0.13359215200564E+04
130 140 -0.13359213631987E+04
130 150 -0.13359214075307E+04
130 160 -0.13359215490202E+04
130 170 -0.13359216270365E+04
130 180 -0.13359215228811E+04
130 190 -0.13359212303817E+04
130 200 -0.13359208715392E+04
130 210 -0.13359206179397E+04
130 220 -0.13359206255234E+04
130 230 -0.13359209833052E+04
130 240 -0.13359217053753E+04
130 250 -0.13359227375394E+04
130 260 -0.13359239713573E+04
130 270 -0.13359252518224E+04
130 280 -0.13359263333751E+04
130 290 -0.13359268200010E+04
130 300 -0.13359262848940E+04
130 310 -0.13359246893226E+04
130 320 -0.13359225141184E+04
130 330 -0.13359203511143E+04
130 340 -0.13359186094896E+04
130 350 -0.13359174965886E+04
130 360 -0.13359171000772E+04
140 0 -0.13359163862423E+04
140 10 -0.13359168102728E+04
140 20 -0.13359179187977E+04
140 30 -0.13359194943512E+04
140 40 -0.13359211044021E+04
140 50 -0.13359223318490E+04
140 60 -0.13359230532460E+04
140 70 -0.13359233771060E+04
140 80 -0.13359234004193E+04
140 90 -0.13359231763609E+04
140 100 -0.13359227669374E+04
140 110 -0.13359222589395E+04
140 120 -0.13359217575940E+04
140 130 -0.13359213629550E+04
140 140 -0.13359211296826E+04
140 150 -0.13359210376546E+04
140 160 -0.13359209948397E+04
140 170 -0.13359208826330E+04
140 180 -0.13359206363566E+04
140 190 -0.13359202920869E+04
140 200 -0.13359199815297E+04
140 210 -0.13359198602285E+04
140 220 -0.13359200545662E+04
140 230 -0.13359206258837E+04
140 240 -0.13359215576300E+04
140 250 -0.13359227698240E+04
140 260 -0.13359241270043E+04
140 270 -0.13359254275334E+04
140 280 -0.13359263628827E+04
140 290 -0.13359265171091E+04
140 300 -0.13359255803637E+04
140 310 -0.13359237148516E+04
140 320 -0.13359214575716E+04
140 330 -0.13359193391163E+04
140 340 -0.13359176969664E+04
140 350 -0.13359166911779E+04
140 360 -0.13359163862423E+04
150 0 -0.13359159070137E+04
150 10 -0.13359163776264E+04
150 20 -0.13359174702075E+04
150 30 -0.13359189289675E+04
150 40 -0.13359203955595E+04
150 50 -0.13359216121696E+04
150 60 -0.13359225047104E+04
150 70 -0.13359230698827E+04
150 80 -0.13359233027971E+04
150 90 -0.13359232249514E+04
150 100 -0.13359228961630E+04
150 110 -0.13359224113638E+04
150 120 -0.13359218831403E+04
150 130 -0.13359214073198E+04
150 140 -0.13359210377653E+04
150 150 -0.13359207665817E+04
150 160 -0.13359205332725E+04
150 170 -0.13359202681972E+04
150 180 -0.13359199475424E+04
150 190 -0.13359196243576E+04
150 200 -0.13359194235288E+04
150 210 -0.13359194710381E+04
150 220 -0.13359198595971E+04
150 230 -0.13359206175790E+04
150 240 -0.13359217060065E+04
150 250 -0.13359230226227E+04
150 260 -0.13359243983587E+04
150 270 -0.13359255893824E+04
150 280 -0.13359262670393E+04
150 290 -0.13359260661909E+04
150 300 -0.13359248289702E+04
150 310 -0.13359228349412E+04
150 320 -0.13359206015613E+04
150 330 -0.13359185842844E+04
150 340 -0.13359170538633E+04
150 350 -0.13359161399062E+04
150 360 -0.13359159070136E+04
160 0 -0.13359156574480E+04
160 10 -0.13359161221733E+04
160 20 -0.13359171304584E+04
160 30 -0.13359184611559E+04
160 40 -0.13359198818381E+04
160 50 -0.13359212235617E+04
160 60 -0.13359223561324E+04
160 70 -0.13359231668488E+04
160 80 -0.13359235865464E+04
160 90 -0.13359236146855E+04
160 100 -0.13359233160360E+04
160 110 -0.13359227957326E+04
160 120 -0.13359221717164E+04
160 130 -0.13359215482895E+04
160 140 -0.13359209943230E+04
160 150 -0.13359205325884E+04
160 160 -0.13359201429605E+04
160 170 -0.13359197887516E+04
160 180 -0.13359194695766E+04
160 190 -0.13359192391906E+04
160 200 -0.13359191940187E+04
160 210 -0.13359194237529E+04
160 220 -0.13359199811577E+04
160 230 -0.13359208707858E+04
160 240 -0.13359220368021E+04
160 250 -0.13359233526140E+04
160 260 -0.13359246235691E+04
160 270 -0.13359255984018E+04
160 280 -0.13359259782290E+04
160 290 -0.13359254964511E+04
160 300 -0.13359241117496E+04
160 310 -0.13359221290346E+04
160 320 -0.13359200058347E+04
160 330 -0.13359181160929E+04
160 340 -0.13359166883443E+04
160 350 -0.13359158461757E+04
160 360 -0.13359156574480E+04
170 0 -0.13359155714727E+04
170 10 -0.13359159616108E+04
170 20 -0.13359168526025E+04
170 30 -0.13359181120392E+04
170 40 -0.13359195956040E+04
170 50 -0.13359211346182E+04
170 60 -0.13359225279527E+04
170 70 -0.13359235766970E+04
170 80 -0.13359241472687E+04
170 90 -0.13359242227362E+04
170 100 -0.13359238784651E+04
170 110 -0.13359232397302E+04
170 120 -0.13359224463832E+04
170 130 -0.13359216273041E+04
170 140 -0.13359208825846E+04
170 150 -0.13359202684893E+04
170 160 -0.13359197889243E+04
170 170 -0.13359194275107E+04
170 180 -0.13359191890477E+04
170 190 -0.13359191096136E+04
170 200 -0.13359192398996E+04
170 210 -0.13359196262950E+04
170 220 -0.13359202927415E+04
170 230 -0.13359212307456E+04
170 240 -0.13359223702270E+04
170 250 -0.13359235720674E+04
170 260 -0.13359246450324E+04
170 270 -0.13359253586630E+04
170 280 -0.13359254843968E+04
170 290 -0.13359248486498E+04
170 300 -0.13359234705135E+04
170 310 -0.13359216160215E+04
170 320 -0.13359196587198E+04
170 330 -0.13359179085723E+04
170 340 -0.13359165706257E+04
170 350 -0.13359157708619E+04
170 360 -0.13359155714727E+04
180 0 -0.13359155588231E+04
180 10 -0.13359158366863E+04
180 20 -0.13359166458272E+04
180 30 -0.13359179181442E+04
180 40 -0.13359195267499E+04
180 50 -0.13359212817402E+04
180 60 -0.13359229264478E+04
180 70 -0.13359241773484E+04
180 80 -0.13359248349586E+04
180 90 -0.13359248652353E+04
180 100 -0.13359243776912E+04
180 110 -0.13359235419478E+04
180 120 -0.13359225344633E+04
180 130 -0.13359215225279E+04
180 140 -0.13359206367128E+04
180 150 -0.13359199475543E+04
180 160 -0.13359194697175E+04
180 170 -0.13359191893043E+04
180 180 -0.13359190957625E+04
180 190 -0.13359191889629E+04
180 200 -0.13359194696654E+04
180 210 -0.13359199476768E+04
180 220 -0.13359206368644E+04
180 230 -0.13359215224934E+04
180 240 -0.13359225344189E+04
180 250 -0.13359235418645E+04
180 260 -0.13359243778382E+04
180 270 -0.13359248651414E+04
180 280 -0.13359248346123E+04
180 290 -0.13359241772883E+04
180 300 -0.13359229265486E+04
180 310 -0.13359212817706E+04
180 320 -0.13359195266123E+04
180 330 -0.13359179181897E+04
180 340 -0.13359166457026E+04
180 350 -0.13359158367963E+04
180 360 -0.13359155588231E+04
190 0 -0.13359155713790E+04
190 10 -0.13359157709435E+04
190 20 -0.13359165706571E+04
190 30 -0.13359179086890E+04
190 40 -0.13359196586983E+04
190 50 -0.13359216159753E+04
190 60 -0.13359234706429E+04
190 70 -0.13359248488744E+04
190 80 -0.13359254846206E+04
190 90 -0.13359253588467E+04
190 100 -0.13359246450920E+04
190 110 -0.13359235721038E+04
190 120 -0.13359223703386E+04
190 130 -0.13359212307553E+04
190 140 -0.13359202927518E+04
190 150 -0.13359196263775E+04
190 160 -0.13359192402963E+04
190 170 -0.13359191095094E+04
190 180 -0.13359191889034E+04
190 190 -0.13359194276098E+04
190 200 -0.13359197889819E+04
190 210 -0.13359202686471E+04
190 220 -0.13359208826057E+04
190 230 -0.13359216273915E+04
190 240 -0.13359224463629E+04
190 250 -0.13359232396828E+04
190 260 -0.13359238785017E+04
190 270 -0.13359242227771E+04
190 280 -0.13359241470877E+04
190 290 -0.13359235766226E+04
190 300 -0.13359225280188E+04
190 310 -0.13359211347070E+04
190 320 -0.13359195956293E+04
190 330 -0.13359181119437E+04
190 340 -0.13359168526411E+04
190 350 -0.13359159616419E+04
190 360 -0.13359155713790E+04
200 0 -0.13359156574970E+04
200 10 -0.13359158461098E+04
200 20 -0.13359166882753E+04
200 30 -0.13359181161136E+04
200 40 -0.13359200057957E+04
200 50 -0.13359221290268E+04
200 60 -0.13359241118436E+04
200 70 -0.13359254964148E+04
200 80 -0.13359259782554E+04
200 90 -0.13359255985974E+04
200 100 -0.13359246238133E+04
200 110 -0.13359233528415E+04
200 120 -0.13359220370132E+04
200 130 -0.13359208710159E+04
200 140 -0.13359199813793E+04
200 150 -0.13359194243917E+04
200 160 -0.13359191944672E+04
200 170 -0.13359192396478E+04
200 180 -0.13359194695864E+04
200 190 -0.13359197888366E+04
200 200 -0.13359201429568E+04
200 210 -0.13359205326804E+04
200 220 -0.13359209943090E+04
200 230 -0.13359215482651E+04
200 240 -0.13359221716865E+04
200 250 -0.13359227956174E+04
200 260 -0.13359233160630E+04
200 270 -0.13359236146692E+04
200 280 -0.13359235865090E+04
200 290 -0.13359231669102E+04
200 300 -0.13359223562782E+04
200 310 -0.13359212235223E+04
200 320 -0.13359198818671E+04
200 330 -0.13359184610735E+04
200 340 -0.13359171303755E+04
200 350 -0.13359161221072E+04
200 360 -0.13359156574971E+04
210 0 -0.13359159070053E+04
210 10 -0.13359161397402E+04
210 20 -0.13359170538211E+04
210 30 -0.13359185842513E+04
210 40 -0.13359206016259E+04
210 50 -0.13359228348942E+04
210 60 -0.13359248289412E+04
210 70 -0.13359260660634E+04
210 80 -0.13359262669814E+04
210 90 -0.13359255891804E+04
210 100 -0.13359243984155E+04
210 110 -0.13359230228607E+04
210 120 -0.13359217060632E+04
210 130 -0.13359206174565E+04
210 140 -0.13359198597564E+04
210 150 -0.13359194710145E+04
210 160 -0.13359194234986E+04
210 170 -0.13359196245521E+04
210 180 -0.13359199477369E+04
210 190 -0.13359202681735E+04
210 200 -0.13359205332906E+04
210 210 -0.13359207664655E+04
210 220 -0.13359210376792E+04
210 230 -0.13359214072348E+04
210 240 -0.13359218830683E+04
210 250 -0.13359224112667E+04
210 260 -0.13359228960502E+04
210 270 -0.13359232249301E+04
210 280 -0.13359233026246E+04
210 290 -0.13359230697194E+04
210 300 -0.13359225047953E+04
210 310 -0.13359216122271E+04
210 320 -0.13359203955297E+04
210 330 -0.13359189288763E+04
210 340 -0.13359174702153E+04
210 350 -0.13359163776874E+04
210 360 -0.13359159070053E+04
220 0 -0.13359163861331E+04
220 10 -0.13359166911559E+04
220 20 -0.13359176970092E+04
220 30 -0.13359193391859E+04
220 40 -0.13359214574484E+04
220 50 -0.13359237147602E+04
220 60 -0.13359255803144E+04
220 70 -0.13359265169848E+04
220 80 -0.13359263628340E+04
220 90 -0.13359254276681E+04
220 100 -0.13359241271695E+04
220 110 -0.13359227697277E+04
220 120 -0.13359215574121E+04
220 130 -0.13359206259723E+04
220 140 -0.13359200546949E+04
220 150 -0.13359198602601E+04
220 160 -0.13359199814327E+04
220 170 -0.13359202921943E+04
220 180 -0.13359206366822E+04
220 190 -0.13359208825866E+04
220 200 -0.13359209949599E+04
220 210 -0.13359210375970E+04
220 220 -0.13359211295872E+04
220 230 -0.13359213628338E+04
220 240 -0.13359217575133E+04
220 250 -0.13359222588269E+04
220 260 -0.13359227668950E+04
220 270 -0.13359231763554E+04
220 280 -0.13359234005057E+04
220 290 -0.13359233769965E+04
220 300 -0.13359230531823E+04
220 310 -0.13359223320231E+04
220 320 -0.13359211044253E+04
220 330 -0.13359194943924E+04
220 340 -0.13359179188674E+04
220 350 -0.13359168103270E+04
220 360 -0.13359163861331E+04
230 0 -0.13359171000659E+04
230 10 -0.13359174966862E+04
230 20 -0.13359186095855E+04
230 30 -0.13359203511541E+04
230 40 -0.13359225140909E+04
230 50 -0.13359246890718E+04
230 60 -0.13359262848464E+04
230 70 -0.13359268196269E+04
230 80 -0.13359263334830E+04
230 90 -0.13359252518633E+04
230 100 -0.13359239712946E+04
230 110 -0.13359227375508E+04
230 120 -0.13359217056631E+04
230 130 -0.13359209835204E+04
230 140 -0.13359206258292E+04
230 150 -0.13359206182108E+04
230 160 -0.13359208714139E+04
230 170 -0.13359212302552E+04
230 180 -0.13359215229091E+04
230 190 -0.13359216270002E+04
230 200 -0.13359215489230E+04
230 210 -0.13359214074706E+04
230 220 -0.13359213631688E+04
230 230 -0.13359215200200E+04
230 240 -0.13359218901842E+04
230 250 -0.13359224113899E+04
230 260 -0.13359229877890E+04
230 270 -0.13359235207935E+04
230 280 -0.13359239275209E+04
230 290 -0.13359241353572E+04
230 300 -0.13359240117922E+04
230 310 -0.13359233224413E+04
230 320 -0.13359219422415E+04
230 330 -0.13359201612236E+04
230 340 -0.13359185273893E+04
230 350 -0.13359174509041E+04
230 360 -0.13359171000659E+04
240 0 -0.13359180106961E+04
240 10 -0.13359185086316E+04
240 20 -0.13359197142190E+04
240 30 -0.13359215134919E+04
240 40 -0.13359236475365E+04
240 50 -0.13359256341314E+04
240 60 -0.13359268558523E+04
240 70 -0.13359269837995E+04
240 80 -0.13359262722374E+04
240 90 -0.13359251822981E+04
240 100 -0.13359240291083E+04
240 110 -0.13359229924678E+04
240 120 -0.13359221921508E+04
240 130 -0.13359217048946E+04
240 140 -0.13359215571926E+04
240 150 -0.13359217073724E+04
240 160 -0.13359220373386E+04
240 170 -0.13359223700685E+04
240 180 -0.13359225345918E+04
240 190 -0.13359224471293E+04
240 200 -0.13359221722595E+04
240 210 -0.13359218831453E+04
240 220 -0.13359217576436E+04
240 230 -0.13359218901692E+04
240 240 -0.13359222791700E+04
240 250 -0.13359228624342E+04
240 260 -0.13359235509801E+04
240 270 -0.13359242521691E+04
240 280 -0.13359248796887E+04
240 290 -0.13359253075419E+04
240 300 -0.13359252748191E+04
240 310 -0.13359244563921E+04
240 320 -0.13359228452063E+04
240 330 -0.13359209273270E+04
240 340 -0.13359192839371E+04
240 350 -0.13359182703780E+04
240 360 -0.13359180106961E+04
250 0 -0.13359190315175E+04
250 10 -0.13359196090951E+04
250 20 -0.13359208692648E+04
250 30 -0.13359226754777E+04
250 40 -0.13359247123023E+04
250 50 -0.13359264155366E+04
250 60 -0.13359272135160E+04
250 70 -0.13359270235799E+04
250 80 -0.13359262439900E+04
250 90 -0.13359252719991E+04
250 100 -0.13359243277469E+04
250 110 -0.13359235380869E+04
250 120 -0.13359229914895E+04
250 130 -0.13359227368707E+04
250 140 -0.13359227703904E+04
250 150 -0.13359230235499E+04
250 160 -0.13359233522094E+04
250 170 -0.13359235721863E+04
250 180 -0.13359235409453E+04
250 190 -0.13359232400073E+04
250 200 -0.13359227955614E+04
250 210 -0.13359224119920E+04
250 220 -0.13359222583743E+04
250 230 -0.13359224112900E+04
250 240 -0.13359228624362E+04
250 250 -0.13359235545688E+04
250 260 -0.13359244036637E+04
250 270 -0.13359253179018E+04
250 280 -0.13359261787388E+04
250 290 -0.13359267561776E+04
250 300 -0.13359266623913E+04
250 310 -0.13359255898681E+04
250 320 -0.13359237463418E+04
250 330 -0.13359217416932E+04
250 340 -0.13359201303271E+04
250 350 -0.13359192002525E+04
250 360 -0.13359190315175E+04
260 0 -0.13359200225546E+04
260 10 -0.13359206395531E+04
260 20 -0.13359219177766E+04
260 30 -0.13359236848123E+04
260 40 -0.13359255269738E+04
260 50 -0.13359268325723E+04
260 60 -0.13359272306927E+04
260 70 -0.13359269070787E+04
260 80 -0.13359262489982E+04
260 90 -0.13359255152903E+04
260 100 -0.13359248427930E+04
260 110 -0.13359243271932E+04
260 120 -0.13359240287966E+04
260 130 -0.13359239714735E+04
260 140 -0.13359241275865E+04
260 150 -0.13359243981580E+04
260 160 -0.13359246237970E+04
260 170 -0.13359246436376E+04
260 180 -0.13359243777385E+04
260 190 -0.13359238776364E+04
260 200 -0.13359233158955E+04
260 210 -0.13359228964959E+04
260 220 -0.13359227669799E+04
260 230 -0.13359229874308E+04
260 240 -0.13359235510970E+04
260 250 -0.13359244036879E+04
260 260 -0.13359254630045E+04
260 270 -0.13359266152080E+04
260 280 -0.13359276638748E+04
260 290 -0.13359282621056E+04
260 300 -0.13359279580280E+04
260 310 -0.13359265845173E+04
260 320 -0.13359245528545E+04
260 330 -0.13359225226853E+04
260 340 -0.13359209747351E+04
260 350 -0.13359201258485E+04
260 360 -0.13359200225546E+04
270 0 -0.13359208246206E+04
270 10 -0.13359214523010E+04
270 20 -0.13359227020990E+04
270 30 -0.13359242999179E+04
270 40 -0.13359257154531E+04
270 50 -0.13359265043949E+04
270 60 -0.13359266869905E+04
270 70 -0.13359265263021E+04
270 80 -0.13359262185216E+04
270 90 -0.13359258563091E+04
270 100 -0.13359255153348E+04
270 110 -0.13359252713370E+04
270 120 -0.13359251816517E+04
270 130 -0.13359252515384E+04
270 140 -0.13359254269216E+04
270 150 -0.13359255893095E+04
270 160 -0.13359255988778E+04
270 170 -0.13359253581590E+04
270 180 -0.13359248649530E+04
270 190 -0.13359242226862E+04
270 200 -0.13359236151272E+04
270 210 -0.13359232253674E+04
270 220 -0.13359231767012E+04
270 230 -0.13359235206811E+04
270 240 -0.13359242515467E+04
270 250 -0.13359253177778E+04
270 260 -0.13359266154566E+04
270 270 -0.13359279686955E+04
270 280 -0.13359290901015E+04
270 290 -0.13359295513320E+04
270 300 -0.13359289407845E+04
270 310 -0.13359272952952E+04
270 320 -0.13359251629413E+04
270 330 -0.13359231640090E+04
270 340 -0.13359216908601E+04
270 350 -0.13359208998188E+04
270 360 -0.13359208246205E+04
280 0 -0.13359213080111E+04
280 10 -0.13359218827774E+04
280 20 -0.13359229088766E+04
280 30 -0.13359239551720E+04
280 40 -0.13359246764748E+04
280 50 -0.13359251103641E+04
280 60 -0.13359254530906E+04
280 70 -0.13359257894090E+04
280 80 -0.13359260696890E+04
280 90 -0.13359262182113E+04
280 100 -0.13359262488234E+04
280 110 -0.13359262438963E+04
280 120 -0.13359262722202E+04
280 130 -0.13359263336025E+04
280 140 -0.13359263627847E+04
280 150 -0.13359262662373E+04
280 160 -0.13359259772275E+04
280 170 -0.13359254840573E+04
280 180 -0.13359248340097E+04
280 190 -0.13359241458977E+04
280 200 -0.13359235863994E+04
280 210 -0.13359233029231E+04
280 220 -0.13359233996687E+04
280 230 -0.13359239268348E+04
280 240 -0.13359248793239E+04
280 250 -0.13359261793276E+04
280 260 -0.13359276642837E+04
280 270 -0.13359290897440E+04
280 280 -0.13359301075957E+04
280 290 -0.13359302998339E+04
280 300 -0.13359293891732E+04
280 310 -0.13359275837739E+04
280 320 -0.13359254554746E+04
280 330 -0.13359235382844E+04
280 340 -0.13359221372001E+04
280 350 -0.13359213814300E+04
280 360 -0.13359213080111E+04
290 0 -0.13359213000736E+04
290 10 -0.13359215480338E+04
290 20 -0.13359218574468E+04
290 30 -0.13359220474267E+04
290 40 -0.13359222931996E+04
290 50 -0.13359228277155E+04
290 60 -0.13359237024951E+04
290 70 -0.13359247745351E+04
290 80 -0.13359257895262E+04
290 90 -0.13359265258412E+04
290 100 -0.13359269073198E+04
290 110 -0.13359270233835E+04
290 120 -0.13359269839078E+04
290 130 -0.13359268195847E+04
290 140 -0.13359265177870E+04
290 150 -0.13359260666298E+04
290 160 -0.13359254959914E+04
290 170 -0.13359248478707E+04
290 180 -0.13359241762723E+04
290 190 -0.13359235747728E+04
290 200 -0.13359231669722E+04
290 210 -0.13359230709779E+04
290 220 -0.13359233766826E+04
290 230 -0.13359241342914E+04
290 240 -0.13359253071926E+04
290 250 -0.13359267558000E+04
290 260 -0.13359282608995E+04
290 270 -0.13359295507393E+04
290 280 -0.13359303004107E+04
290 290 -0.13359301965102E+04
290 300 -0.13359291118589E+04
290 310 -0.13359273186712E+04
290 320 -0.13359253161510E+04
290 330 -0.13359235254682E+04
290 340 -0.13359222035090E+04
290 350 -0.13359214604726E+04
290 360 -0.13359213000736E+04
300 0 -0.13359203797860E+04
300 10 -0.13359197891502E+04
300 20 -0.13359191934821E+04
300 30 -0.13359189070496E+04
300 40 -0.13359192214511E+04
300 50 -0.13359202326331E+04
300 60 -0.13359218268054E+04
300 70 -0.13359237020228E+04
300 80 -0.13359254520786E+04
300 90 -0.13359266865114E+04
300 100 -0.13359272299903E+04
300 110 -0.13359272129379E+04
300 120 -0.13359268569069E+04
300 130 -0.13359262850839E+04
300 140 -0.13359255797501E+04
300 150 -0.13359248286589E+04
300 160 -0.13359241117550E+04
300 170 -0.13359234699105E+04
300 180 -0.13359229254426E+04
300 190 -0.13359225270802E+04
300 200 -0.13359223555301E+04
300 210 -0.13359225045283E+04
300 220 -0.13359230533913E+04
300 230 -0.13359240118757E+04
300 240 -0.13359252744866E+04
300 250 -0.13359266628953E+04
300 260 -0.13359279573435E+04
300 270 -0.13359289402254E+04
300 280 -0.13359293887649E+04
300 290 -0.13359291119462E+04
300 300 -0.13359280634979E+04
300 310 -0.13359264657358E+04
300 320 -0.13359246900360E+04
300 330 -0.13359230712468E+04
300 340 -0.13359218121256E+04
300 350 -0.13359209672574E+04
300 360 -0.13359203797861E+04
310 0 -0.13359180505593E+04
310 10 -0.13359166547458E+04
310 20 -0.13359157224627E+04
310 30 -0.13359155526255E+04
310 40 -0.13359162872110E+04
310 50 -0.13359179148777E+04
310 60 -0.13359202330615E+04
310 70 -0.13359228271021E+04
310 80 -0.13359251097218E+04
310 90 -0.13359265038122E+04
310 100 -0.13359268319849E+04
310 110 -0.13359264152712E+04
310 120 -0.13359256339678E+04
310 130 -0.13359246890398E+04
310 140 -0.13359237150850E+04
310 150 -0.13359228348809E+04
310 160 -0.13359221286219E+04
310 170 -0.13359216155960E+04
310 180 -0.13359212819957E+04
310 190 -0.13359211347726E+04
310 200 -0.13359212228573E+04
310 210 -0.13359216118165E+04
310 220 -0.13359223323300E+04
310 230 -0.13359233222011E+04
310 240 -0.13359244566847E+04
310 250 -0.13359255907624E+04
310 260 -0.13359265845488E+04
310 270 -0.13359272960382E+04
310 280 -0.13359275844814E+04
310 290 -0.13359273189976E+04
310 300 -0.13359264652537E+04
310 310 -0.13359251597554E+04
310 320 -0.13359236479945E+04
310 330 -0.13359221759233E+04
310 340 -0.13359208311935E+04
310 350 -0.13359195043717E+04
310 360 -0.13359180505593E+04
320 0 -0.13359147589625E+04
320 10 -0.13359132444167E+04
320 20 -0.13359125443681E+04
320 30 -0.13359127892044E+04
320 40 -0.13359140528951E+04
320 50 -0.13359162869097E+04
320 60 -0.13359192210202E+04
320 70 -0.13359222926005E+04
320 80 -0.13359246756869E+04
320 90 -0.13359257153610E+04
320 100 -0.13359255264968E+04
320 110 -0.13359247115967E+04
320 120 -0.13359236481227E+04
320 130 -0.13359225144341E+04
320 140 -0.13359214576289E+04
320 150 -0.13359206018737E+04
320 160 -0.13359200050524E+04
320 170 -0.13359196582995E+04
320 180 -0.13359195273211E+04
320 190 -0.13359195951579E+04
320 200 -0.13359198821655E+04
320 210 -0.13359203963796E+04
320 220 -0.13359211039550E+04
320 230 -0.13359219427634E+04
320 240 -0.13359228456713E+04
320 250 -0.13359237467938E+04
320 260 -0.13359245535722E+04
320 270 -0.13359251631526E+04
320 280 -0.13359254560010E+04
320 290 -0.13359253166608E+04
320 300 -0.13359246900891E+04
320 310 -0.13359236484559E+04
320 320 -0.13359223276226E+04
320 330 -0.13359207995970E+04
320 340 -0.13359189679079E+04
320 350 -0.13359168254234E+04
320 360 -0.13359147589626E+04
330 0 -0.13359116416520E+04
330 10 -0.13359104945315E+04
330 20 -0.13359102496233E+04
330 30 -0.13359109925753E+04
330 40 -0.13359127891578E+04
330 50 -0.13359155524210E+04
330 60 -0.13359189072966E+04
330 70 -0.13359220475174E+04
330 80 -0.13359239545716E+04
330 90 -0.13359242990051E+04
330 100 -0.13359236837395E+04
330 110 -0.13359226765535E+04
330 120 -0.13359215136753E+04
330 130 -0.13359203513571E+04
330 140 -0.13359193393541E+04
330 150 -0.13359185845438E+04
330 160 -0.13359181165152E+04
330 170 -0.13359179086542E+04
330 180 -0.13359179184233E+04
330 190 -0.13359181118849E+04
330 200 -0.13359184614182E+04
330 210 -0.13359189286724E+04
330 220 -0.13359194945655E+04
330 230 -0.13359201608488E+04
330 240 -0.13359209279131E+04
330 250 -0.13359217415672E+04
330 260 -0.13359225229230E+04
330 270 -0.13359231644750E+04
330 280 -0.13359235380012E+04
330 290 -0.13359235274712E+04
330 300 -0.13359230711369E+04
330 310 -0.13359221750412E+04
330 320 -0.13359207991706E+04
330 330 -0.13359187883804E+04
330 340 -0.13359162001233E+04
330 350 -0.13359136215068E+04
330 360 -0.13359116416521E+04
340 0 -0.13359093626911E+04
340 10 -0.13359087248020E+04
340 20 -0.13359089913444E+04
340 30 -0.13359102497847E+04
340 40 -0.13359125447310E+04
340 50 -0.13359157216467E+04
340 60 -0.13359191934325E+04
340 70 -0.13359218572810E+04
340 80 -0.13359229089479E+04
340 90 -0.13359227008768E+04
340 100 -0.13359219176594E+04
340 110 -0.13359208697193E+04
340 120 -0.13359197146107E+04
340 130 -0.13359186098389E+04
340 140 -0.13359176970491E+04
340 150 -0.13359170539024E+04
340 160 -0.13359166893761E+04
340 170 -0.13359165707604E+04
340 180 -0.13359166460503E+04
340 190 -0.13359168523254E+04
340 200 -0.13359171304537E+04
340 210 -0.13359174711198E+04
340 220 -0.13359179192930E+04
340 230 -0.13359185274980E+04
340 240 -0.13359192841035E+04
340 250 -0.13359201307696E+04
340 260 -0.13359209750279E+04
340 270 -0.13359216901647E+04
340 280 -0.13359221367771E+04
340 290 -0.13359222040213E+04
340 300 -0.13359218120099E+04
340 310 -0.13359208314865E+04
340 320 -0.13359189674853E+04
340 330 -0.13359162005852E+04
340 340 -0.13359132459165E+04
340 350 -0.13359108758445E+04
340 360 -0.13359093626911E+04
350 0 -0.13359080382662E+04
350 10 -0.13359079326140E+04
350 20 -0.13359087251451E+04
350 30 -0.13359104941004E+04
350 40 -0.13359132446453E+04
350 50 -0.13359166549272E+04
350 60 -0.13359197897096E+04
350 70 -0.13359215492962E+04
350 80 -0.13359218817377E+04
350 90 -0.13359214512438E+04
350 100 -0.13359206405780E+04
350 110 -0.13359196093173E+04
350 120 -0.13359185084323E+04
350 130 -0.13359174971407E+04
350 140 -0.13359166900427E+04
350 150 -0.13359161400843E+04
350 160 -0.13359158476860E+04
350 170 -0.13359157710157E+04
350 180 -0.13359158371714E+04
350 190 -0.13359159631216E+04
350 200 -0.13359161223026E+04
350 210 -0.13359163787999E+04
350 220 -0.13359168103899E+04
350 230 -0.13359174507764E+04
350 240 -0.13359182707202E+04
350 250 -0.13359192002003E+04
350 260 -0.13359201258940E+04
350 270 -0.13359208998382E+04
350 280 -0.13359213805974E+04
350 290 -0.13359214613046E+04
350 300 -0.13359209676956E+04
350 310 -0.13359195052860E+04
350 320 -0.13359168257604E+04
350 330 -0.13359136217029E+04
350 340 -0.13359108757917E+04
350 350 -0.13359090071301E+04
350 360 -0.13359080382661E+04
360 0 -0.13359076090279E+04
360 10 -0.13359080383282E+04
360 20 -0.13359093620361E+04
360 30 -0.13359116418610E+04
360 40 -0.13359147595738E+04
360 50 -0.13359180499533E+04
360 60 -0.13359203796910E+04
360 70 -0.13359213006999E+04
360 80 -0.13359213068574E+04
360 90 -0.13359208245148E+04
360 100 -0.13359200220516E+04
360 110 -0.13359190318366E+04
360 120 -0.13359180111249E+04
360 130 -0.13359170994800E+04
360 140 -0.13359163853571E+04
360 150 -0.13359159083829E+04
360 160 -0.13359156583411E+04
360 170 -0.13359155722768E+04
360 180 -0.13359155587138E+04
360 190 -0.13359155722614E+04
360 200 -0.13359156582385E+04
360 210 -0.13359159084655E+04
360 220 -0.13359163853686E+04
360 230 -0.13359170995323E+04
360 240 -0.13359180113082E+04
360 250 -0.13359190320604E+04
360 260 -0.13359200224285E+04
360 270 -0.13359208250333E+04
360 280 -0.13359213066310E+04
360 290 -0.13359213007974E+04
360 300 -0.13359203797769E+04
360 310 -0.13359180501757E+04
360 320 -0.13359147595944E+04
360 330 -0.13359116418687E+04
360 340 -0.13359093621425E+04
360 350 -0.13359080384091E+04
360 360 -0.13359076090279E+04
