phi1 phi2 Energy/Hartree
0 0 -0.15276189110677E+04
0 10 -0.15276191707151E+04
0 20 -0.15276199574292E+04
0 30 -0.15276212415852E+04
0 40 -0.15276228486975E+04
0 50 -0.15276243104705E+04
0 60 -0.15276256180836E+04
0 70 -0.15276276452326E+04
0 80 -0.15276297262722E+04
0 90 -0.15276298941059E+04
0 100 -0.15276288623133E+04
0 110 -0.15276277870451E+04
0 120 -0.15276270150320E+04
0 130 -0.15276265877756E+04
0 140 -0.15276264679632E+04
0 150 -0.15276265431051E+04
0 160 -0.15276265531374E+04
0 170 -0.15276262242526E+04
0 180 -0.15276259471324E+04
0 190 -0.15276262242570E+04
0 200 -0.15276265530055E+04
0 210 -0.15276265430896E+04
0 220 -0.15276264679000E+04
0 230 -0.15276265875746E+04
0 240 -0.15276270145167E+04
0 250 -0.15276277867022E+04
0 260 -0.15276288625440E+04
0 270 -0.15276298946045E+04
0 280 -0.15276297253847E+04
0 290 -0.15276276452721E+04
0 300 -0.15276256194170E+04
0 310 -0.15276243106238E+04
0 320 -0.15276228488390E+04
0 330 -0.15276212418786E+04
0 340 -0.15276199573577E+04
0 350 -0.15276191707486E+04
0 360 -0.15276189110677E+04
10 0 -0.15276191731930E+04
10 10 -0.15276197923966E+04
10 20 -0.15276208663542E+04
10 30 -0.15276223077461E+04
10 40 -0.15276237981484E+04
10 50 -0.15276252224424E+04
10 60 -0.15276274034716E+04
10 70 -0.15276300642773E+04
10 80 -0.15276309591180E+04
10 90 -0.15276301082376E+04
10 100 -0.15276289137909E+04
10 110 -0.15276279260216E+04
10 120 -0.15276272520076E+04
10 130 -0.15276268937623E+04
10 140 -0.15276267837207E+04
10 150 -0.15276267259174E+04
10 160 -0.15276264626442E+04
10 170 -0.15276262458178E+04
10 180 -0.15276266083691E+04
10 190 -0.15276270526187E+04
10 200 -0.15276270472119E+04
10 210 -0.15276268165612E+04
10 220 -0.15276267027377E+04
10 230 -0.15276268739479E+04
10 240 -0.15276274053444E+04
10 250 -0.15276283062526E+04
10 260 -0.15276293803542E+04
10 270 -0.15276297547596E+04
10 280 -0.15276283321409E+04
10 290 -0.15276265263771E+04
10 300 -0.15276253999414E+04
10 310 -0.15276240020250E+04
10 320 -0.15276221912890E+04
10 330 -0.15276205812738E+04
10 340 -0.15276195059855E+04
10 350 -0.15276190548396E+04
10 360 -0.15276191731931E+04
20 0 -0.15276200269028E+04
20 10 -0.15276209822631E+04
20 20 -0.15276223259632E+04
20 30 -0.15276238402879E+04
20 40 -0.15276253495071E+04
20 50 -0.15276276266835E+04
20 60 -0.15276307320970E+04
20 70 -0.15276324944401E+04
20 80 -0.15276320283221E+04
20 90 -0.15276308209555E+04
20 100 -0.15276296571930E+04
20 110 -0.15276287483670E+04
20 120 -0.15276281434151E+04
20 130 -0.15276278150290E+04
20 140 -0.15276276274660E+04
20 150 -0.15276273463187E+04
20 160 -0.15276271424347E+04
20 170 -0.15276275648453E+04
20 180 -0.15276281528035E+04
20 190 -0.15276282188316E+04
20 200 -0.15276278959875E+04
20 210 -0.15276275658418E+04
20 220 -0.15276274731691E+04
20 230 -0.15276277427526E+04
20 240 -0.15276284284857E+04
20 250 -0.15276294379688E+04
20 260 -0.15276301700476E+04
20 270 -0.15276294417156E+04
20 280 -0.15276279500009E+04
20 290 -0.15276270670205E+04
20 300 -0.15276258559048E+04
20 310 -0.15276238806976E+04
20 320 -0.15276218668701E+04
20 330 -0.15276203597941E+04
20 340 -0.15276195867296E+04
20 350 -0.15276195259247E+04
20 360 -0.15276200269028E+04
30 0 -0.15276216347570E+04
30 10 -0.15276229211673E+04
30 20 -0.15276244572685E+04
30 30 -0.15276260144103E+04
30 40 -0.15276283352217E+04
30 50 -0.15276316763712E+04
30 60 -0.15276342807682E+04
30 70 -0.15276344466436E+04
30 80 -0.15276334363954E+04
30 90 -0.15276322135442E+04
30 100 -0.15276311120916E+04
30 110 -0.15276302558713E+04
30 120 -0.15276296675995E+04
30 130 -0.15276292660345E+04
30 140 -0.15276288672235E+04
30 150 -0.15276285916794E+04
30 160 -0.15276290188362E+04
30 170 -0.15276297160762E+04
30 180 -0.15276299108287E+04
30 190 -0.15276295844801E+04
30 200 -0.15276291102650E+04
30 210 -0.15276287801199E+04
30 220 -0.15276287766301E+04
30 230 -0.15276292065784E+04
30 240 -0.15276300592949E+04
30 250 -0.15276309608089E+04
30 260 -0.15276308702617E+04
30 270 -0.15276297874601E+04
30 280 -0.15276292223254E+04
30 290 -0.15276283741906E+04
30 300 -0.15276264115930E+04
30 310 -0.15276240492848E+04
30 320 -0.15276220382039E+04
30 330 -0.15276207958482E+04
30 340 -0.15276204324238E+04
30 350 -0.15276207736891E+04
30 360 -0.15276216347570E+04
40 0 -0.15276241774841E+04
40 10 -0.15276256782344E+04
40 20 -0.15276271985917E+04
40 30 -0.15276294695699E+04
40 40 -0.15276328332248E+04
40 50 -0.15276359826644E+04
40 60 -0.15276368611072E+04
40 70 -0.15276363512044E+04
40 80 -0.15276353607183E+04
40 90 -0.15276342313352E+04
40 100 -0.15276331675513E+04
40 110 -0.15276322823321E+04
40 120 -0.15276315668758E+04
40 130 -0.15276309194323E+04
40 140 -0.15276304743941E+04
40 150 -0.15276308142466E+04
40 160 -0.15276315424921E+04
40 170 -0.15276318469522E+04
40 180 -0.15276316180772E+04
40 190 -0.15276311263734E+04
40 200 -0.15276306578397E+04
40 210 -0.15276304239166E+04
40 220 -0.15276305833016E+04
40 230 -0.15276311955790E+04
40 240 -0.15276320690532E+04
40 250 -0.15276324395846E+04
40 260 -0.15276318378220E+04
40 270 -0.15276316106773E+04
40 280 -0.15276313027855E+04
40 290 -0.15276296180290E+04
40 300 -0.15276271465784E+04
40 310 -0.15276247454082E+04
40 320 -0.15276230018899E+04
40 330 -0.15276222076077E+04
40 340 -0.15276222756727E+04
40 350 -0.15276229803742E+04
40 360 -0.15276241774841E+04
50 0 -0.15276274928273E+04
50 10 -0.15276287999906E+04
50 20 -0.15276309105342E+04
50 30 -0.15276341025168E+04
50 40 -0.15276373076144E+04
50 50 -0.15276386692401E+04
50 60 -0.15276387632729E+04
50 70 -0.15276383706709E+04
50 80 -0.15276376175204E+04
50 90 -0.15276365708938E+04
50 100 -0.15276354232964E+04
50 110 -0.15276343136462E+04
50 120 -0.15276332825308E+04
50 130 -0.15276325916368E+04
50 140 -0.15276327831758E+04
50 150 -0.15276333577904E+04
50 160 -0.15276336807644E+04
50 170 -0.15276335754799E+04
50 180 -0.15276332061850E+04
50 190 -0.15276327635383E+04
50 200 -0.15276324247778E+04
50 210 -0.15276323625758E+04
50 220 -0.15276326924945E+04
50 230 -0.15276333621004E+04
50 240 -0.15276339099670E+04
50 250 -0.15276337565298E+04
50 260 -0.15276338319640E+04
50 270 -0.15276341258194E+04
50 280 -0.15276329865137E+04
50 290 -0.15276307598092E+04
50 300 -0.15276282830433E+04
50 310 -0.15276262192532E+04
50 320 -0.15276250110336E+04
50 330 -0.15276247231598E+04
50 340 -0.15276251700804E+04
50 350 -0.15276261693896E+04
50 360 -0.15276274928273E+04
60 0 -0.15276306811587E+04
60 10 -0.15276325436930E+04
60 20 -0.15276353502216E+04
60 30 -0.15276381487532E+04
60 40 -0.15276395868433E+04
60 50 -0.15276400714462E+04
60 60 -0.15276402840480E+04
60 70 -0.15276402613245E+04
60 80 -0.15276397166947E+04
60 90 -0.15276385899254E+04
60 100 -0.15276371390661E+04
60 110 -0.15276356896561E+04
60 120 -0.15276348151885E+04
60 130 -0.15276347508187E+04
60 140 -0.15276349901301E+04
60 150 -0.15276351291692E+04
60 160 -0.15276350682111E+04
60 170 -0.15276348691040E+04
60 180 -0.15276345890829E+04
60 190 -0.15276343167743E+04
60 200 -0.15276341686810E+04
60 210 -0.15276342567623E+04
60 220 -0.15276346121080E+04
60 230 -0.15276350412979E+04
60 240 -0.15276351701024E+04
60 250 -0.15276354893693E+04
60 260 -0.15276362469348E+04
60 270 -0.15276357979959E+04
60 280 -0.15276341369399E+04
60 290 -0.15276319908566E+04
60 300 -0.15276299732475E+04
60 310 -0.15276285755770E+04
60 320 -0.15276279997374E+04
60 330 -0.15276281499729E+04
60 340 -0.15276288331424E+04
60 350 -0.15276297669239E+04
60 360 -0.15276306811587E+04
70 0 -0.15276343465440E+04
70 10 -0.15276365213186E+04
70 20 -0.15276385691997E+04
70 30 -0.15276396975230E+04
70 40 -0.15276403054869E+04
70 50 -0.15276408204216E+04
70 60 -0.15276413598593E+04
70 70 -0.15276415785374E+04
70 80 -0.15276410110720E+04
70 90 -0.15276396339402E+04
70 100 -0.15276380955921E+04
70 110 -0.15276370972488E+04
70 120 -0.15276365937931E+04
70 130 -0.15276363197974E+04
70 140 -0.15276361271499E+04
70 150 -0.15276359752356E+04
70 160 -0.15276358618362E+04
70 170 -0.15276357617130E+04
70 180 -0.15276356553314E+04
70 190 -0.15276355615710E+04
70 200 -0.15276355283895E+04
70 210 -0.15276355917852E+04
70 220 -0.15276357345731E+04
70 230 -0.15276359214478E+04
70 240 -0.15276364756326E+04
70 250 -0.15276373623978E+04
70 260 -0.15276374513972E+04
70 270 -0.15276364989962E+04
70 280 -0.15276349886759E+04
70 290 -0.15276334157271E+04
70 300 -0.15276321935537E+04
70 310 -0.15276315699688E+04
70 320 -0.15276315241705E+04
70 330 -0.15276318601246E+04
70 340 -0.15276322429910E+04
70 350 -0.15276328519996E+04
70 360 -0.15276343465440E+04
80 0 -0.15276375393860E+04
80 10 -0.15276386528026E+04
80 20 -0.15276392905292E+04
80 30 -0.15276398073289E+04
80 40 -0.15276404473829E+04
80 50 -0.15276412524306E+04
80 60 -0.15276420445160E+04
80 70 -0.15276423231977E+04
80 80 -0.15276416977295E+04
80 90 -0.15276404651649E+04
80 100 -0.15276391911019E+04
80 110 -0.15276381230712E+04
80 120 -0.15276372827425E+04
80 130 -0.15276366873529E+04
80 140 -0.15276363542232E+04
80 150 -0.15276362444908E+04
80 160 -0.15276362722641E+04
80 170 -0.15276363573085E+04
80 180 -0.15276364248994E+04
80 190 -0.15276364358214E+04
80 200 -0.15276364015070E+04
80 210 -0.15276363927642E+04
80 220 -0.15276365538726E+04
80 230 -0.15276370078357E+04
80 240 -0.15276376282007E+04
80 250 -0.15276378894160E+04
80 260 -0.15276375182841E+04
80 270 -0.15276366906461E+04
80 280 -0.15276357525270E+04
80 290 -0.15276350113375E+04
80 300 -0.15276346488958E+04
80 310 -0.15276346470810E+04
80 320 -0.15276347784014E+04
80 330 -0.15276348959028E+04
80 340 -0.15276353760457E+04
80 350 -0.15276362550905E+04
80 360 -0.15276375393859E+04
90 0 -0.15276385034897E+04
90 10 -0.15276385900490E+04
90 20 -0.15276388645458E+04
90 30 -0.15276394661695E+04
90 40 -0.15276403763907E+04
90 50 -0.15276415147843E+04
90 60 -0.15276425373392E+04
90 70 -0.15276428587240E+04
90 80 -0.15276421372439E+04
90 90 -0.15276407208278E+04
90 100 -0.15276391922205E+04
90 110 -0.15276378896299E+04
90 120 -0.15276369274852E+04
90 130 -0.15276363472374E+04
90 140 -0.15276361200919E+04
90 150 -0.15276361805111E+04
90 160 -0.15276364232666E+04
90 170 -0.15276367334026E+04
90 180 -0.15276369922483E+04
90 190 -0.15276371148401E+04
90 200 -0.15276371216359E+04
90 210 -0.15276371063434E+04
90 220 -0.15276371769731E+04
90 230 -0.15276373541671E+04
90 240 -0.15276374985720E+04
90 250 -0.15276374449363E+04
90 260 -0.15276371769800E+04
90 270 -0.15276368358319E+04
90 280 -0.15276366509483E+04
90 290 -0.15276367722660E+04
90 300 -0.15276371387392E+04
90 310 -0.15276375572406E+04
90 320 -0.15276378477468E+04
90 330 -0.15276379554391E+04
90 340 -0.15276380459231E+04
90 350 -0.15276383199757E+04
90 360 -0.15276385034897E+04
100 0 -0.15276378683993E+04
100 10 -0.15276377792266E+04
100 20 -0.15276381410160E+04
100 30 -0.15276389453998E+04
100 40 -0.15276401294056E+04
100 50 -0.15276414921272E+04
100 60 -0.15276425154778E+04
100 70 -0.15276425353860E+04
100 80 -0.15276414179070E+04
100 90 -0.15276397742157E+04
100 100 -0.15276382100447E+04
100 110 -0.15276369920996E+04
100 120 -0.15276361729910E+04
100 130 -0.15276357456183E+04
100 140 -0.15276356713306E+04
100 150 -0.15276358981145E+04
100 160 -0.15276363394070E+04
100 170 -0.15276368276400E+04
100 180 -0.15276371945104E+04
100 190 -0.15276373165214E+04
100 200 -0.15276371942260E+04
100 210 -0.15276369447192E+04
100 220 -0.15276367109723E+04
100 230 -0.15276365964306E+04
100 240 -0.15276366147067E+04
100 250 -0.15276367116786E+04
100 260 -0.15276368882126E+04
100 270 -0.15276372554135E+04
100 280 -0.15276379497382E+04
100 290 -0.15276389153704E+04
100 300 -0.15276398577992E+04
100 310 -0.15276403379654E+04
100 320 -0.15276401172818E+04
100 330 -0.15276395110209E+04
100 340 -0.15276388998782E+04
100 350 -0.15276383119366E+04
100 360 -0.15276378683993E+04
110 0 -0.15276368608162E+04
110 10 -0.15276368590465E+04
110 20 -0.15276373536715E+04
110 30 -0.15276383195581E+04
110 40 -0.15276396566136E+04
110 50 -0.15276409976797E+04
110 60 -0.15276416967774E+04
110 70 -0.15276412435528E+04
110 80 -0.15276398889836E+04
110 90 -0.15276383310544E+04
110 100 -0.15276369966573E+04
110 110 -0.15276360103720E+04
110 120 -0.15276353808563E+04
110 130 -0.15276350952198E+04
110 140 -0.15276351429597E+04
110 150 -0.15276354848031E+04
110 160 -0.15276360083609E+04
110 170 -0.15276365215575E+04
110 180 -0.15276368051796E+04
110 190 -0.15276367444993E+04
110 200 -0.15276363916311E+04
110 210 -0.15276359297801E+04
110 220 -0.15276355643557E+04
110 230 -0.15276354413260E+04
110 240 -0.15276355985334E+04
110 250 -0.15276360311512E+04
110 260 -0.15276367609109E+04
110 270 -0.15276378572013E+04
110 280 -0.15276393043523E+04
110 290 -0.15276407912064E+04
110 300 -0.15276416902088E+04
110 310 -0.15276415261738E+04
110 320 -0.15276405687760E+04
110 330 -0.15276393740461E+04
110 340 -0.15276382416325E+04
110 350 -0.15276373503149E+04
110 360 -0.15276368608162E+04
120 0 -0.15276359100688E+04
120 10 -0.15276360064659E+04
120 20 -0.15276366102436E+04
120 30 -0.15276376847040E+04
120 40 -0.15276390113432E+04
120 50 -0.15276401084000E+04
120 60 -0.15276403681331E+04
120 70 -0.15276396005511E+04
120 80 -0.15276382993728E+04
120 90 -0.15276370144182E+04
120 100 -0.15276359706189E+04
120 110 -0.15276352056429E+04
120 120 -0.15276347239343E+04
120 130 -0.15276345384916E+04
120 140 -0.15276346551327E+04
120 150 -0.15276350270057E+04
120 160 -0.15276355099639E+04
120 170 -0.15276358843606E+04
120 180 -0.15276359575466E+04
120 190 -0.15276356816794E+04
120 200 -0.15276351781314E+04
120 210 -0.15276346643051E+04
120 220 -0.15276343493298E+04
120 230 -0.15276343582841E+04
120 240 -0.15276347438035E+04
120 250 -0.15276355301170E+04
120 260 -0.15276367489664E+04
120 270 -0.15276383877845E+04
120 280 -0.15276402414689E+04
120 290 -0.15276417167409E+04
120 300 -0.15276420677661E+04
120 310 -0.15276412454764E+04
120 320 -0.15276398477529E+04
120 330 -0.15276383990353E+04
120 340 -0.15276371730227E+04
120 350 -0.15276363112566E+04
120 360 -0.15276359100688E+04
130 0 -0.15276351352890E+04
130 10 -0.15276353210015E+04
130 20 -0.15276360179190E+04
130 30 -0.15276371183848E+04
130 40 -0.15276383047326E+04
130 50 -0.15276390662255E+04
130 60 -0.15276389758610E+04
130 70 -0.15276381510500E+04
130 80 -0.15276370905355E+04
130 90 -0.15276361169897E+04
130 100 -0.15276353178428E+04
130 110 -0.15276347100638E+04
130 120 -0.15276343176545E+04
130 130 -0.15276341782590E+04
130 140 -0.15276342980127E+04
130 150 -0.15276346072959E+04
130 160 -0.15276349426960E+04
130 170 -0.15276351019563E+04
130 180 -0.15276349581330E+04
130 190 -0.15276345347758E+04
130 200 -0.15276339952484E+04
130 210 -0.15276335485480E+04
130 220 -0.15276333696698E+04
130 230 -0.15276335673451E+04
130 240 -0.15276341988074E+04
130 250 -0.15276352988108E+04
130 260 -0.15276368697040E+04
130 270 -0.15276388028951E+04
130 280 -0.15276407139110E+04
130 290 -0.15276418159009E+04
130 300 -0.15276415843712E+04
130 310 -0.15276403658124E+04
130 320 -0.15276388267841E+04
130 330 -0.15276373881230E+04
130 340 -0.15276362251792E+04
130 350 -0.15276354502644E+04
130 360 -0.15276351352890E+04
140 0 -0.15276346023156E+04
140 10 -0.15276348825401E+04
140 20 -0.15276356357837E+04
140 30 -0.15276366786504E+04
140 40 -0.15276376524989E+04
140 50 -0.15276381134414E+04
140 60 -0.15276378777743E+04
140 70 -0.15276372149185E+04
140 80 -0.15276364609590E+04
140 90 -0.15276357545346E+04
140 100 -0.15276351220652E+04
140 110 -0.15276345939979E+04
140 120 -0.15276342235317E+04
140 130 -0.15276340618084E+04
140 140 -0.15276341049777E+04
140 150 -0.15276342674783E+04
140 160 -0.15276343937377E+04
140 170 -0.15276343319798E+04
140 180 -0.15276340263805E+04
140 190 -0.15276335481488E+04
140 200 -0.15276330642707E+04
140 210 -0.15276327541395E+04
140 220 -0.15276327581076E+04
140 230 -0.15276331675714E+04
140 240 -0.15276340351207E+04
140 250 -0.15276353821652E+04
140 260 -0.15276371660074E+04
140 270 -0.15276391885380E+04
140 280 -0.15276408993966E+04
140 290 -0.15276415228431E+04
140 300 -0.15276408653161E+04
140 310 -0.15276394799991E+04
140 320 -0.15276379675132E+04
140 330 -0.15276366063873E+04
140 340 -0.15276355255771E+04
140 350 -0.15276348324442E+04
140 360 -0.15276346023156E+04
150 0 -0.15276343626818E+04
150 10 -0.15276347162381E+04
150 20 -0.15276354630696E+04
150 30 -0.15276363864830E+04
150 40 -0.15276371463697E+04
150 50 -0.15276374447667E+04
150 60 -0.15276372952577E+04
150 70 -0.15276369201132E+04
150 80 -0.15276364636214E+04
150 90 -0.15276359457170E+04
150 100 -0.15276353869857E+04
150 110 -0.15276348515451E+04
150 120 -0.15276344211309E+04
150 130 -0.15276341533299E+04
150 140 -0.15276340375145E+04
150 150 -0.15276339910770E+04
150 160 -0.15276338933605E+04
150 170 -0.15276336565633E+04
150 180 -0.15276332721735E+04
150 190 -0.15276328278637E+04
150 200 -0.15276324712689E+04
150 210 -0.15276323440400E+04
150 220 -0.15276325517167E+04
150 230 -0.15276331650371E+04
150 240 -0.15276342234511E+04
150 250 -0.15276357236688E+04
150 260 -0.15276375750716E+04
150 270 -0.15276394906148E+04
150 280 -0.15276408642549E+04
150 290 -0.15276410690632E+04
150 300 -0.15276401752456E+04
150 310 -0.15276387790982E+04
150 320 -0.15276373606920E+04
150 330 -0.15276360910657E+04
150 340 -0.15276350962899E+04
150 350 -0.15276344931169E+04
150 360 -0.15276343626818E+04
160 0 -0.15276343936796E+04
160 10 -0.15276347567966E+04
160 20 -0.15276354277625E+04
160 30 -0.15276362011762E+04
160 40 -0.15276368174597E+04
160 50 -0.15276371505265E+04
160 60 -0.15276372661677E+04
160 70 -0.15276372384299E+04
160 80 -0.15276370361471E+04
160 90 -0.15276366156583E+04
160 100 -0.15276360250452E+04
160 110 -0.15276353794589E+04
160 120 -0.15276347924078E+04
160 130 -0.15276343306469E+04
160 140 -0.15276339895477E+04
160 150 -0.15276337137880E+04
160 160 -0.15276334317660E+04
160 170 -0.15276330977861E+04
160 180 -0.15276327289244E+04
160 190 -0.15276324027101E+04
160 200 -0.15276322285387E+04
160 210 -0.15276323033056E+04
160 220 -0.15276326996203E+04
160 230 -0.15276334672622E+04
160 240 -0.15276346269527E+04
160 250 -0.15276361467206E+04
160 260 -0.15276378968350E+04
160 270 -0.15276395596655E+04
160 280 -0.15276405754593E+04
160 290 -0.15276405065132E+04
160 300 -0.15276395497241E+04
160 310 -0.15276382526113E+04
160 320 -0.15276369686024E+04
160 330 -0.15276358147038E+04
160 340 -0.15276349343502E+04
160 350 -0.15276344435988E+04
160 360 -0.15276343936796E+04
170 0 -0.15276345570755E+04
170 10 -0.15276348410917E+04
170 20 -0.15276353859470E+04
170 30 -0.15276360308606E+04
170 40 -0.15276366487498E+04
170 50 -0.15276371998986E+04
170 60 -0.15276376730668E+04
170 70 -0.15276379999163E+04
170 80 -0.15276380023297E+04
170 90 -0.15276375790243E+04
170 100 -0.15276368368489E+04
170 110 -0.15276359703211E+04
170 120 -0.15276351321018E+04
170 130 -0.15276344126516E+04
170 140 -0.15276338320643E+04
170 150 -0.15276333695500E+04
170 160 -0.15276329859386E+04
170 170 -0.15276326575962E+04
170 180 -0.15276324005256E+04
170 190 -0.15276322600738E+04
170 200 -0.15276322930282E+04
170 210 -0.15276325495100E+04
170 220 -0.15276330749048E+04
170 230 -0.15276339023344E+04
170 240 -0.15276350346301E+04
170 250 -0.15276364228454E+04
170 260 -0.15276379273916E+04
170 270 -0.15276392586596E+04
170 280 -0.15276399786351E+04
170 290 -0.15276398004437E+04
170 300 -0.15276389356829E+04
170 310 -0.15276378334251E+04
170 320 -0.15276367316662E+04
170 330 -0.15276357457291E+04
170 340 -0.15276350126221E+04
170 350 -0.15276346086798E+04
170 360 -0.15276345570755E+04
180 0 -0.15276346446686E+04
180 10 -0.15276347997008E+04
180 20 -0.15276352215679E+04
180 30 -0.15276358476407E+04
180 40 -0.15276366212210E+04
180 50 -0.15276374665970E+04
180 60 -0.15276382894777E+04
180 70 -0.15276389308040E+04
180 80 -0.15276390737860E+04
180 90 -0.15276385533040E+04
180 100 -0.15276375510931E+04
180 110 -0.15276363716978E+04
180 120 -0.15276352371432E+04
180 130 -0.15276342678673E+04
180 140 -0.15276335065054E+04
180 150 -0.15276329525528E+04
180 160 -0.15276325790787E+04
180 170 -0.15276323611317E+04
180 180 -0.15276322882989E+04
180 190 -0.15276323610854E+04
180 200 -0.15276325790231E+04
180 210 -0.15276329524937E+04
180 220 -0.15276335065511E+04
180 230 -0.15276342678979E+04
180 240 -0.15276352372338E+04
180 250 -0.15276363717073E+04
180 260 -0.15276375504388E+04
180 270 -0.15276385534796E+04
180 280 -0.15276390745537E+04
180 290 -0.15276389312635E+04
180 300 -0.15276382897642E+04
180 310 -0.15276374669418E+04
180 320 -0.15276366215638E+04
180 330 -0.15276358476041E+04
180 340 -0.15276352216249E+04
180 350 -0.15276347995794E+04
180 360 -0.15276346446685E+04
190 0 -0.15276345571541E+04
190 10 -0.15276346087881E+04
190 20 -0.15276350128249E+04
190 30 -0.15276357457138E+04
190 40 -0.15276367313697E+04
190 50 -0.15276378327419E+04
190 60 -0.15276389349912E+04
190 70 -0.15276398003664E+04
190 80 -0.15276399789569E+04
190 90 -0.15276392588326E+04
190 100 -0.15276379277128E+04
190 110 -0.15276364224832E+04
190 120 -0.15276350344608E+04
190 130 -0.15276339023623E+04
190 140 -0.15276330747636E+04
190 150 -0.15276325489666E+04
190 160 -0.15276322923085E+04
190 170 -0.15276322598927E+04
190 180 -0.15276324005126E+04
190 190 -0.15276326576523E+04
190 200 -0.15276329860619E+04
190 210 -0.15276333698214E+04
190 220 -0.15276338322971E+04
190 230 -0.15276344127635E+04
190 240 -0.15276351322632E+04
190 250 -0.15276359704682E+04
190 260 -0.15276368371034E+04
190 270 -0.15276375789816E+04
190 280 -0.15276380020793E+04
190 290 -0.15276379999704E+04
190 300 -0.15276376731820E+04
190 310 -0.15276372001499E+04
190 320 -0.15276366488866E+04
190 330 -0.15276360304561E+04
190 340 -0.15276353859425E+04
190 350 -0.15276348411364E+04
190 360 -0.15276345571542E+04
200 0 -0.15276343934712E+04
200 10 -0.15276344435853E+04
200 20 -0.15276349343155E+04
200 30 -0.15276358145967E+04
200 40 -0.15276369676521E+04
200 50 -0.15276382505687E+04
200 60 -0.15276395480424E+04
200 70 -0.15276405056304E+04
200 80 -0.15276405757797E+04
200 90 -0.15276395601754E+04
200 100 -0.15276378966327E+04
200 110 -0.15276361463352E+04
200 120 -0.15276346268790E+04
200 130 -0.15276334671829E+04
200 140 -0.15276326995945E+04
200 150 -0.15276323031287E+04
200 160 -0.15276322280453E+04
200 170 -0.15276324023722E+04
200 180 -0.15276327288804E+04
200 190 -0.15276330978383E+04
200 200 -0.15276334317948E+04
200 210 -0.15276337138313E+04
200 220 -0.15276339895530E+04
200 230 -0.15276343305195E+04
200 240 -0.15276347925336E+04
200 250 -0.15276353792371E+04
200 260 -0.15276360250655E+04
200 270 -0.15276366156249E+04
200 280 -0.15276370359589E+04
200 290 -0.15276372382703E+04
200 300 -0.15276372659909E+04
200 310 -0.15276371506440E+04
200 320 -0.15276368173143E+04
200 330 -0.15276362011209E+04
200 340 -0.15276354276996E+04
200 350 -0.15276347566214E+04
200 360 -0.15276343934712E+04
210 0 -0.15276343627629E+04
210 10 -0.15276344932230E+04
210 20 -0.15276350964276E+04
210 30 -0.15276360912150E+04
210 40 -0.15276373602957E+04
210 50 -0.15276387784705E+04
210 60 -0.15276401748309E+04
210 70 -0.15276410682532E+04
210 80 -0.15276408636380E+04
210 90 -0.15276394891902E+04
210 100 -0.15276375747032E+04
210 110 -0.15276357243840E+04
210 120 -0.15276342235776E+04
210 130 -0.15276331649271E+04
210 140 -0.15276325517898E+04
210 150 -0.15276323441335E+04
210 160 -0.15276324711530E+04
210 170 -0.15276328276891E+04
210 180 -0.15276332721794E+04
210 190 -0.15276336566087E+04
210 200 -0.15276338936252E+04
210 210 -0.15276339911256E+04
210 220 -0.15276340375485E+04
210 230 -0.15276341531919E+04
210 240 -0.15276344211280E+04
210 250 -0.15276348514099E+04
210 260 -0.15276353870079E+04
210 270 -0.15276359454956E+04
210 280 -0.15276364633619E+04
210 290 -0.15276369201039E+04
210 300 -0.15276372951759E+04
210 310 -0.15276374448490E+04
210 320 -0.15276371466403E+04
210 330 -0.15276363865134E+04
210 340 -0.15276354631867E+04
210 350 -0.15276347163937E+04
210 360 -0.15276343627629E+04
220 0 -0.15276346025632E+04
220 10 -0.15276348325692E+04
220 20 -0.15276355258770E+04
220 30 -0.15276366073760E+04
220 40 -0.15276379696417E+04
220 50 -0.15276394814490E+04
220 60 -0.15276408654507E+04
220 70 -0.15276415221543E+04
220 80 -0.15276408974925E+04
220 90 -0.15276391876937E+04
220 100 -0.15276371667775E+04
220 110 -0.15276353821110E+04
220 120 -0.15276340352366E+04
220 130 -0.15276331675731E+04
220 140 -0.15276327582042E+04
220 150 -0.15276327542990E+04
220 160 -0.15276330642068E+04
220 170 -0.15276335479833E+04
220 180 -0.15276340261023E+04
220 190 -0.15276343321221E+04
220 200 -0.15276343941159E+04
220 210 -0.15276342678991E+04
220 220 -0.15276341052039E+04
220 230 -0.15276340619483E+04
220 240 -0.15276342235252E+04
220 250 -0.15276345941310E+04
220 260 -0.15276351223912E+04
220 270 -0.15276357546752E+04
220 280 -0.15276364609876E+04
220 290 -0.15276372146806E+04
220 300 -0.15276378779406E+04
220 310 -0.15276381132081E+04
220 320 -0.15276376522041E+04
220 330 -0.15276366785130E+04
220 340 -0.15276356360548E+04
220 350 -0.15276348826712E+04
220 360 -0.15276346025632E+04
230 0 -0.15276351352471E+04
230 10 -0.15276354502560E+04
230 20 -0.15276362249495E+04
230 30 -0.15276373878065E+04
230 40 -0.15276388261631E+04
230 50 -0.15276403648709E+04
230 60 -0.15276415837820E+04
230 70 -0.15276418159759E+04
230 80 -0.15276407144302E+04
230 90 -0.15276388029242E+04
230 100 -0.15276368684618E+04
230 110 -0.15276352998581E+04
230 120 -0.15276341992420E+04
230 130 -0.15276335671446E+04
230 140 -0.15276333695945E+04
230 150 -0.15276335486992E+04
230 160 -0.15276339951533E+04
230 170 -0.15276345345375E+04
230 180 -0.15276349580310E+04
230 190 -0.15276351020676E+04
230 200 -0.15276349430366E+04
230 210 -0.15276346072431E+04
230 220 -0.15276342977313E+04
230 230 -0.15276341779977E+04
230 240 -0.15276343173346E+04
230 250 -0.15276347097704E+04
230 260 -0.15276353176736E+04
230 270 -0.15276361170025E+04
230 280 -0.15276370908204E+04
230 290 -0.15276381509528E+04
230 300 -0.15276389755756E+04
230 310 -0.15276390659938E+04
230 320 -0.15276383045726E+04
230 330 -0.15276371183311E+04
230 340 -0.15276360179629E+04
230 350 -0.15276353209845E+04
230 360 -0.15276351352471E+04
240 0 -0.15276359099817E+04
240 10 -0.15276363116781E+04
240 20 -0.15276371728197E+04
240 30 -0.15276383977531E+04
240 40 -0.15276398464793E+04
240 50 -0.15276412451862E+04
240 60 -0.15276420677894E+04
240 70 -0.15276417167878E+04
240 80 -0.15276402404976E+04
240 90 -0.15276383869615E+04
240 100 -0.15276367490657E+04
240 110 -0.15276355296856E+04
240 120 -0.15276347441718E+04
240 130 -0.15276343583550E+04
240 140 -0.15276343492677E+04
240 150 -0.15276346640276E+04
240 160 -0.15276351778194E+04
240 170 -0.15276356814583E+04
240 180 -0.15276359576550E+04
240 190 -0.15276358838561E+04
240 200 -0.15276355099597E+04
240 210 -0.15276350269308E+04
240 220 -0.15276346550199E+04
240 230 -0.15276345385291E+04
240 240 -0.15276347238526E+04
240 250 -0.15276352054747E+04
240 260 -0.15276359703204E+04
240 270 -0.15276370140915E+04
240 280 -0.15276382994517E+04
240 290 -0.15276396007536E+04
240 300 -0.15276403679753E+04
240 310 -0.15276401086767E+04
240 320 -0.15276390112420E+04
240 330 -0.15276376844913E+04
240 340 -0.15276366097031E+04
240 350 -0.15276360063734E+04
240 360 -0.15276359099816E+04
250 0 -0.15276368606955E+04
250 10 -0.15276373508250E+04
250 20 -0.15276382422477E+04
250 30 -0.15276393751018E+04
250 40 -0.15276405692489E+04
250 50 -0.15276415257229E+04
250 60 -0.15276416897229E+04
250 70 -0.15276407906384E+04
250 80 -0.15276393050860E+04
250 90 -0.15276378568888E+04
250 100 -0.15276367612384E+04
250 110 -0.15276360320534E+04
250 120 -0.15276355999573E+04
250 130 -0.15276354421459E+04
250 140 -0.15276355647025E+04
250 150 -0.15276359293644E+04
250 160 -0.15276363921156E+04
250 170 -0.15276367446113E+04
250 180 -0.15276368057204E+04
250 190 -0.15276365220556E+04
250 200 -0.15276360093359E+04
250 210 -0.15276354855459E+04
250 220 -0.15276351434321E+04
250 230 -0.15276350955067E+04
250 240 -0.15276353811792E+04
250 250 -0.15276360105983E+04
250 260 -0.15276369967960E+04
250 270 -0.15276383309068E+04
250 280 -0.15276398888193E+04
250 290 -0.15276412435640E+04
250 300 -0.15276416965329E+04
250 310 -0.15276409976876E+04
250 320 -0.15276396565302E+04
250 330 -0.15276383196168E+04
250 340 -0.15276373537569E+04
250 350 -0.15276368591173E+04
250 360 -0.15276368606955E+04
260 0 -0.15276378686156E+04
260 10 -0.15276383120178E+04
260 20 -0.15276388998229E+04
260 30 -0.15276395108587E+04
260 40 -0.15276401169501E+04
260 50 -0.15276403384867E+04
260 60 -0.15276398582272E+04
260 70 -0.15276389160698E+04
260 80 -0.15276379493873E+04
260 90 -0.15276372557796E+04
260 100 -0.15276368886459E+04
260 110 -0.15276367120174E+04
260 120 -0.15276366146923E+04
260 130 -0.15276365970486E+04
260 140 -0.15276367106487E+04
260 150 -0.15276369447067E+04
260 160 -0.15276371940104E+04
260 170 -0.15276373156041E+04
260 180 -0.15276371946514E+04
260 190 -0.15276368285071E+04
260 200 -0.15276363396331E+04
260 210 -0.15276358977664E+04
260 220 -0.15276356710223E+04
260 230 -0.15276357453133E+04
260 240 -0.15276361729071E+04
260 250 -0.15276369921149E+04
260 260 -0.15276382101917E+04
260 270 -0.15276397743281E+04
260 280 -0.15276414178140E+04
260 290 -0.15276425355057E+04
260 300 -0.15276425154076E+04
260 310 -0.15276414922536E+04
260 320 -0.15276401294700E+04
260 330 -0.15276389452707E+04
260 340 -0.15276381410799E+04
260 350 -0.15276377792374E+04
260 360 -0.15276378686156E+04
270 0 -0.15276385040026E+04
270 10 -0.15276383202362E+04
270 20 -0.15276380460619E+04
270 30 -0.15276379551943E+04
270 40 -0.15276378473323E+04
270 50 -0.15276375564053E+04
270 60 -0.15276371373317E+04
270 70 -0.15276367717583E+04
270 80 -0.15276366501142E+04
270 90 -0.15276368354506E+04
270 100 -0.15276371763183E+04
270 110 -0.15276374448931E+04
270 120 -0.15276374988146E+04
270 130 -0.15276373536049E+04
270 140 -0.15276371774106E+04
270 150 -0.15276371064155E+04
270 160 -0.15276371217944E+04
270 170 -0.15276371146047E+04
270 180 -0.15276369919855E+04
270 190 -0.15276367338535E+04
270 200 -0.15276364232284E+04
270 210 -0.15276361800891E+04
270 220 -0.15276361202650E+04
270 230 -0.15276363471784E+04
270 240 -0.15276369274708E+04
270 250 -0.15276378896781E+04
270 260 -0.15276391922289E+04
270 270 -0.15276407209735E+04
270 280 -0.15276421370973E+04
270 290 -0.15276428587245E+04
270 300 -0.15276425371301E+04
270 310 -0.15276415148340E+04
270 320 -0.15276403763734E+04
270 330 -0.15276394657912E+04
270 340 -0.15276388647086E+04
270 350 -0.15276385902688E+04
270 360 -0.15276385040025E+04
280 0 -0.15276375396092E+04
280 10 -0.15276362548648E+04
280 20 -0.15276353755557E+04
280 30 -0.15276348953572E+04
280 40 -0.15276347779821E+04
280 50 -0.15276346468947E+04
280 60 -0.15276346488167E+04
280 70 -0.15276350105319E+04
280 80 -0.15276357524245E+04
280 90 -0.15276366909858E+04
280 100 -0.15276375168135E+04
280 110 -0.15276378903329E+04
280 120 -0.15276376283052E+04
280 130 -0.15276370071298E+04
280 140 -0.15276365538255E+04
280 150 -0.15276363937817E+04
280 160 -0.15276364007298E+04
280 170 -0.15276364350535E+04
280 180 -0.15276364246305E+04
280 190 -0.15276363573955E+04
280 200 -0.15276362724141E+04
280 210 -0.15276362444933E+04
280 220 -0.15276363542979E+04
280 230 -0.15276366873390E+04
280 240 -0.15276372827576E+04
280 250 -0.15276381231178E+04
280 260 -0.15276391911040E+04
280 270 -0.15276404651047E+04
280 280 -0.15276416976452E+04
280 290 -0.15276423232570E+04
280 300 -0.15276420445949E+04
280 310 -0.15276412524955E+04
280 320 -0.15276404472018E+04
280 330 -0.15276398067303E+04
280 340 -0.15276392905365E+04
280 350 -0.15276386530266E+04
280 360 -0.15276375396091E+04
290 0 -0.15276343474443E+04
290 10 -0.15276328512201E+04
290 20 -0.15276322431199E+04
290 30 -0.15276318599475E+04
290 40 -0.15276315236457E+04
290 50 -0.15276315695556E+04
290 60 -0.15276321940138E+04
290 70 -0.15276334153102E+04
290 80 -0.15276349891904E+04
290 90 -0.15276365000852E+04
290 100 -0.15276374521116E+04
290 110 -0.15276373624736E+04
290 120 -0.15276364761375E+04
290 130 -0.15276359224392E+04
290 140 -0.15276357358528E+04
290 150 -0.15276355925291E+04
290 160 -0.15276355283966E+04
290 170 -0.15276355614140E+04
290 180 -0.15276356551280E+04
290 190 -0.15276357617371E+04
290 200 -0.15276358619809E+04
290 210 -0.15276359753209E+04
290 220 -0.15276361272872E+04
290 230 -0.15276363197456E+04
290 240 -0.15276365937847E+04
290 250 -0.15276370972015E+04
290 260 -0.15276380955397E+04
290 270 -0.15276396337923E+04
290 280 -0.15276410111740E+04
290 290 -0.15276415784793E+04
290 300 -0.15276413596311E+04
290 310 -0.15276408202093E+04
290 320 -0.15276403054667E+04
290 330 -0.15276396974640E+04
290 340 -0.15276385691864E+04
290 350 -0.15276365210330E+04
290 360 -0.15276343474443E+04
300 0 -0.15276306810304E+04
300 10 -0.15276297675843E+04
300 20 -0.15276288335492E+04
300 30 -0.15276281496329E+04
300 40 -0.15276279987896E+04
300 50 -0.15276285752512E+04
300 60 -0.15276299735993E+04
300 70 -0.15276319911279E+04
300 80 -0.15276341368822E+04
300 90 -0.15276357958353E+04
300 100 -0.15276362475121E+04
300 110 -0.15276354907634E+04
300 120 -0.15276351686305E+04
300 130 -0.15276350412168E+04
300 140 -0.15276346121579E+04
300 150 -0.15276342568695E+04
300 160 -0.15276341685490E+04
300 170 -0.15276343166120E+04
300 180 -0.15276345894242E+04
300 190 -0.15276348695364E+04
300 200 -0.15276350681473E+04
300 210 -0.15276351292616E+04
300 220 -0.15276349904657E+04
300 230 -0.15276347507534E+04
300 240 -0.15276348150291E+04
300 250 -0.15276356896816E+04
300 260 -0.15276371389532E+04
300 270 -0.15276385900416E+04
300 280 -0.15276397169386E+04
300 290 -0.15276402613332E+04
300 300 -0.15276402838622E+04
300 310 -0.15276400713130E+04
300 320 -0.15276395864698E+04
300 330 -0.15276381493914E+04
300 340 -0.15276353500783E+04
300 350 -0.15276325438833E+04
300 360 -0.15276306810304E+04
310 0 -0.15276274931727E+04
310 10 -0.15276261695074E+04
310 20 -0.15276251706131E+04
310 30 -0.15276247230309E+04
310 40 -0.15276250105751E+04
310 50 -0.15276262196542E+04
310 60 -0.15276282829369E+04
310 70 -0.15276307593219E+04
310 80 -0.15276329870806E+04
310 90 -0.15276341251379E+04
310 100 -0.15276338349424E+04
310 110 -0.15276337572645E+04
310 120 -0.15276339094143E+04
310 130 -0.15276333619047E+04
310 140 -0.15276326924882E+04
310 150 -0.15276323623554E+04
310 160 -0.15276324245188E+04
310 170 -0.15276327630732E+04
310 180 -0.15276332056022E+04
310 190 -0.15276335757892E+04
310 200 -0.15276336809329E+04
310 210 -0.15276333575974E+04
310 220 -0.15276327830034E+04
310 230 -0.15276325918775E+04
310 240 -0.15276332825697E+04
310 250 -0.15276343136335E+04
310 260 -0.15276354233395E+04
310 270 -0.15276365708228E+04
310 280 -0.15276376174330E+04
310 290 -0.15276383709070E+04
310 300 -0.15276387639362E+04
310 310 -0.15276386694400E+04
310 320 -0.15276373069104E+04
310 330 -0.15276341025149E+04
310 340 -0.15276309098084E+04
310 350 -0.15276288025990E+04
310 360 -0.15276274931727E+04
320 0 -0.15276241772306E+04
320 10 -0.15276229805131E+04
320 20 -0.15276222749824E+04
320 30 -0.15276222073076E+04
320 40 -0.15276230021118E+04
320 50 -0.15276247453151E+04
320 60 -0.15276271468679E+04
320 70 -0.15276296187105E+04
320 80 -0.15276313034480E+04
320 90 -0.15276316077893E+04
320 100 -0.15276318379567E+04
320 110 -0.15276324397453E+04
320 120 -0.15276320687639E+04
320 130 -0.15276311955754E+04
320 140 -0.15276305834762E+04
320 150 -0.15276304239560E+04
320 160 -0.15276306578063E+04
320 170 -0.15276311262806E+04
320 180 -0.15276316181299E+04
320 190 -0.15276318471925E+04
320 200 -0.15276315421920E+04
320 210 -0.15276308142810E+04
320 220 -0.15276304743082E+04
320 230 -0.15276309192835E+04
320 240 -0.15276315668425E+04
320 250 -0.15276322823177E+04
320 260 -0.15276331674653E+04
320 270 -0.15276342314226E+04
320 280 -0.15276353608144E+04
320 290 -0.15276363511576E+04
320 300 -0.15276368606747E+04
320 310 -0.15276359825454E+04
320 320 -0.15276328339890E+04
320 330 -0.15276294713442E+04
320 340 -0.15276271973811E+04
320 350 -0.15276256789821E+04
320 360 -0.15276241772306E+04
330 0 -0.15276216340871E+04
330 10 -0.15276207728081E+04
330 20 -0.15276204318801E+04
330 30 -0.15276207954084E+04
330 40 -0.15276220381800E+04
330 50 -0.15276240485676E+04
330 60 -0.15276264113660E+04
330 70 -0.15276283735390E+04
330 80 -0.15276292217010E+04
330 90 -0.15276297882494E+04
330 100 -0.15276308707633E+04
330 110 -0.15276309608096E+04
330 120 -0.15276300592669E+04
330 130 -0.15276292067088E+04
330 140 -0.15276287767907E+04
330 150 -0.15276287806059E+04
330 160 -0.15276291106892E+04
330 170 -0.15276295847466E+04
330 180 -0.15276299110418E+04
330 190 -0.15276297165645E+04
330 200 -0.15276290187741E+04
330 210 -0.15276285917471E+04
330 220 -0.15276288671669E+04
330 230 -0.15276292658962E+04
330 240 -0.15276296675065E+04
330 250 -0.15276302559608E+04
330 260 -0.15276311119510E+04
330 270 -0.15276322133784E+04
330 280 -0.15276334359884E+04
330 290 -0.15276344470723E+04
330 300 -0.15276342806260E+04
330 310 -0.15276316760655E+04
330 320 -0.15276283349829E+04
330 330 -0.15276260133100E+04
330 340 -0.15276244572381E+04
330 350 -0.15276229213438E+04
330 360 -0.15276216340871E+04
340 0 -0.15276200264535E+04
340 10 -0.15276195252501E+04
340 20 -0.15276195865141E+04
340 30 -0.15276203593609E+04
340 40 -0.15276218664991E+04
340 50 -0.15276238808339E+04
340 60 -0.15276258556216E+04
340 70 -0.15276270650426E+04
340 80 -0.15276279483424E+04
340 90 -0.15276294416256E+04
340 100 -0.15276301700468E+04
340 110 -0.15276294376682E+04
340 120 -0.15276284285828E+04
340 130 -0.15276277427746E+04
340 140 -0.15276274732172E+04
340 150 -0.15276275659321E+04
340 160 -0.15276278959606E+04
340 170 -0.15276282190194E+04
340 180 -0.15276281529385E+04
340 190 -0.15276275649719E+04
340 200 -0.15276271421245E+04
340 210 -0.15276273463638E+04
340 220 -0.15276276274178E+04
340 230 -0.15276278149398E+04
340 240 -0.15276281436377E+04
340 250 -0.15276287486592E+04
340 260 -0.15276296573986E+04
340 270 -0.15276308209383E+04
340 280 -0.15276320283993E+04
340 290 -0.15276324944545E+04
340 300 -0.15276307316186E+04
340 310 -0.15276276281939E+04
340 320 -0.15276253502403E+04
340 330 -0.15276238392167E+04
340 340 -0.15276223259500E+04
340 350 -0.15276209823257E+04
340 360 -0.15276200264535E+04
350 0 -0.15276191729764E+04
350 10 -0.15276190549162E+04
350 20 -0.15276195060571E+04
350 30 -0.15276205811276E+04
350 40 -0.15276221914350E+04
350 50 -0.15276240020327E+04
350 60 -0.15276253997591E+04
350 70 -0.15276265277119E+04
350 80 -0.15276283323250E+04
350 90 -0.15276297546409E+04
350 100 -0.15276293805173E+04
350 110 -0.15276283063087E+04
350 120 -0.15276274055424E+04
350 130 -0.15276268740835E+04
350 140 -0.15276267027297E+04
350 150 -0.15276268167114E+04
350 160 -0.15276270472775E+04
350 170 -0.15276270525834E+04
350 180 -0.15276266083927E+04
350 190 -0.15276262458556E+04
350 200 -0.15276264623976E+04
350 210 -0.15276267257784E+04
350 220 -0.15276267837839E+04
350 230 -0.15276268935751E+04
350 240 -0.15276272519235E+04
350 250 -0.15276279262913E+04
350 260 -0.15276289140162E+04
350 270 -0.15276301092648E+04
350 280 -0.15276309584681E+04
350 290 -0.15276300645951E+04
350 300 -0.15276274028217E+04
350 310 -0.15276252222064E+04
350 320 -0.15276237986229E+04
350 330 -0.15276223078846E+04
350 340 -0.15276208666727E+04
350 350 -0.15276197923593E+04
350 360 -0.15276191729765E+04
360 0 -0.15276189110677E+04
360 10 -0.15276191707151E+04
360 20 -0.15276199574292E+04
360 30 -0.15276212415852E+04
360 40 -0.15276228486976E+04
360 50 -0.15276243104705E+04
360 60 -0.15276256180836E+04
360 70 -0.15276276452326E+04
360 80 -0.15276297262723E+04
360 90 -0.15276298941059E+04
360 100 -0.15276288623133E+04
360 110 -0.15276277870451E+04
360 120 -0.15276270150321E+04
360 130 -0.15276265877756E+04
360 140 -0.15276264679631E+04
360 150 -0.15276265431051E+04
360 160 -0.15276265531374E+04
360 170 -0.15276262242526E+04
360 180 -0.15276259471323E+04
360 190 -0.15276262242570E+04
360 200 -0.15276265530055E+04
360 210 -0.15276265430896E+04
360 220 -0.15276264679000E+04
360 230 -0.15276265875746E+04
360 240 -0.15276270145166E+04
360 250 -0.15276277867023E+04
360 260 -0.15276288625439E+04
360 270 -0.15276298946045E+04
360 280 -0.15276297253848E+04
360 290 -0.15276276452720E+04
360 300 -0.15276256194170E+04
360 310 -0.15276243106238E+04
360 320 -0.15276228488390E+04
360 330 -0.15276212418786E+04
360 340 -0.15276199573576E+04
360 350 -0.15276191707486E+04
360 360 -0.15276189110678E+04
